#YY  MM DD hh mm WDIR WSPD GST  WVHT   DPD   APD MWD   PRES  ATMP  WTMP  DEWP  VIS  TIDE
#yr  mo dy hr mn degT m/s  m/s     m   sec   sec deg    hPa  degC  degC  degC  nmi    ft
2023 08 01 00 00 217  3.6  3.7 99.00 99.00 99.00 999 1013.2  16.5 999.0  15.3 99.0 99.00
2023 08 01 01 00 227  4.7  5.0 99.00 99.00 99.00 999 1013.9  15.8 999.0  14.3 99.0 99.00
2023 08 01 02 00 245  4.6  4.8 99.00 99.00 99.00 999 1014.3  16.0 999.0  14.0 99.0 99.00
2023 08 01 03 00 241  4.7  4.8 99.00 99.00 99.00 999 1014.5  15.2 999.0  14.5 99.0 99.00
2023 08 01 04 00 249  3.9  4.2 99.00 99.00 99.00 999 1014.5  15.2 999.0  15.1 99.0 99.00
2023 08 01 05 00 256  4.5  4.6 99.00 99.00 99.00 999 1014.7  15.1 999.0  15.1 99.0 99.00
2023 08 01 06 00 274  3.3  3.5 99.00 99.00 99.00 999 1014.6  15.8 999.0  15.8 99.0 99.00
2023 08 01 07 00 306  5.6  5.7 99.00 99.00 99.00 999 1014.3  15.6 999.0  15.6 99.0 99.00
2023 08 01 08 00 306  4.4  4.6 99.00 99.00 99.00 999 1014.9  15.7 999.0  15.7 99.0 99.00
2023 08 01 09 00 300  3.6  3.7 99.00 99.00 99.00 999 1015.6  15.2 999.0  15.2 99.0 99.00
2023 08 01 10 00 303  4.4  4.4 99.00 99.00 99.00 999 1016.2  14.7 999.0  14.7 99.0 99.00
2023 08 01 11 00 293  1.8  2.0 99.00 99.00 99.00 999 1016.9  14.9 999.0  14.4 99.0 99.00
2023 08 01 12 00 306  2.5  2.5 99.00 99.00 99.00 999 1017.3  15.1 999.0  14.1 99.0 99.00
2023 08 01 13 00 279  2.4  2.5 99.00 99.00 99.00 999 1017.6  14.9 999.0  14.4 99.0 99.00
2023 08 01 14 00 261  2.1  2.1 99.00 99.00 99.00 999 1017.8  14.6 999.0  14.5 99.0 99.00
2023 08 01 15 00 245  2.5  2.5 99.00 99.00 99.00 999 1018.1  14.9 999.0  14.5 99.0 99.00
2023 08 01 16 00 244  3.7  3.8 99.00 99.00 99.00 999 1018.2  15.3 999.0  13.9 99.0 99.00
2023 08 01 17 00 221  3.7  3.8 99.00 99.00 99.00 999 1018.0  16.0 999.0  13.2 99.0 99.00
2023 08 01 18 00 218  4.7  4.8 99.00 99.00 99.00 999 1017.9  16.1 999.0  13.7 99.0 99.00
2023 08 01 19 00 215  6.2  6.4 99.00 99.00 99.00 999 1017.7  15.9 999.0  14.4 99.0 99.00
2023 08 01 20 00 223  6.1  6.4 99.00 99.00 99.00 999 1017.9  15.7 999.0  14.7 99.0 99.00
2023 08 01 21 00 221  6.6  6.9 99.00 99.00 99.00 999 1018.2  15.9 999.0  14.7 99.0 99.00
2023 08 01 22 00 225  6.6  6.9 99.00 99.00 99.00 999 1018.2  16.2 999.0  14.2 99.0 99.00
2023 08 01 23 00 227  4.3  4.6 99.00 99.00 99.00 999 1018.7  15.8 999.0  14.4 99.0 99.00
2023 08 02 00 00 240  5.5  5.8 99.00 99.00 99.00 999 1019.0  15.5 999.0  14.0 99.0 99.00
2023 08 02 01 00 303  5.8  6.0 99.00 99.00 99.00 999 1020.0  16.2 999.0  12.4 99.0 99.00
2023 08 02 02 00 283  4.7  5.0 99.00 99.00 99.00 999 1020.2  16.4 999.0  12.3 99.0 99.00
2023 08 02 03 00 297  4.3  4.5 99.00 99.00 99.00 999 1020.0  16.1 999.0  12.9 99.0 99.00
2023 08 02 04 00 293  7.5  7.7 99.00 99.00 99.00 999 1019.8  15.8 999.0  13.7 99.0 99.00
2023 08 02 05 00 291  6.9  7.2 99.00 99.00 99.00 999 1019.8  15.4 999.0  13.8 99.0 99.00
2023 08 02 06 00 290  6.1  6.3 99.00 99.00 99.00 999 1019.8  15.0 999.0  13.7 99.0 99.00
2023 08 02 07 00 301  5.4  5.5 99.00 99.00 99.00 999 1019.9  14.9 999.0  12.9 99.0 99.00
2023 08 02 08 00 299  6.2  6.5 99.00 99.00 99.00 999 1020.1  14.5 999.0  12.4 99.0 99.00
2023 08 02 09 00 309  6.0  6.2 99.00 99.00 99.00 999 1020.3  14.3 999.0  11.9 99.0 99.00
2023 08 02 10 00 311  4.8  5.1 99.00 99.00 99.00 999 1020.6  14.3 999.0  11.7 99.0 99.00
2023 08 02 11 00 302  3.2  3.4 99.00 99.00 99.00 999 1021.2  14.1 999.0  12.1 99.0 99.00
2023 08 02 12 00 302  4.3  4.4 99.00 99.00 99.00 999 1021.6  14.2 999.0  11.8 99.0 99.00
2023 08 02 13 00 303  3.9  4.1 99.00 99.00 99.00 999 1021.5  14.2 999.0  12.3 99.0 99.00
2023 08 02 14 00 307  4.5  4.6 99.00 99.00 99.00 999 1021.7  14.3 999.0  12.3 99.0 99.00
2023 08 02 15 00 290  1.9  2.0 99.00 99.00 99.00 999 1021.9  14.7 999.0  12.7 99.0 99.00
2023 08 02 16 00 233  1.9  1.9 99.00 99.00 99.00 999 1021.5  15.2 999.0  12.2 99.0 99.00
2023 08 02 17 00 239  4.4  4.5 99.00 99.00 99.00 999 1021.2  15.2 999.0  12.5 99.0 99.00
2023 08 02 18 00 215  4.7  4.8 99.00 99.00 99.00 999 1021.2  16.1 999.0  12.5 99.0 99.00
2023 08 02 19 00 206  4.9  5.2 99.00 99.00 99.00 999 1021.0  17.0 999.0  13.8 99.0 99.00
2023 08 02 20 00 203  6.5  6.7 99.00 99.00 99.00 999 1020.9  16.8 999.0  13.5 99.0 99.00
2023 08 02 21 00 196  5.1  5.5 99.00 99.00 99.00 999 1020.9  17.3 999.0  14.1 99.0 99.00
2023 08 02 22 00 212  6.9  7.2 99.00 99.00 99.00 999 1020.5  15.9 999.0  13.5 99.0 99.00
2023 08 02 23 00 217  5.8  6.2 99.00 99.00 99.00 999 1020.7  15.5 999.0  14.4 99.0 99.00
2023 08 03 00 00 223  6.8  7.1 99.00 99.00 99.00 999 1020.7  15.4 999.0  14.5 99.0 99.00
2023 08 03 01 00 224  6.6  6.9 99.00 99.00 99.00 999 1021.0  15.5 999.0  14.4 99.0 99.00
2023 08 03 02 00 221  5.9  6.2 99.00 99.00 99.00 999 1021.2  15.6 999.0  14.1 99.0 99.00
2023 08 03 03 00 221  5.8  6.0 99.00 99.00 99.00 999 1021.1  15.6 999.0  14.2 99.0 99.00
2023 08 03 04 00 210  5.8  6.3 99.00 99.00 99.00 999 1020.9  15.6 999.0  14.8 99.0 99.00
2023 08 03 05 00 223  6.5  6.7 99.00 99.00 99.00 999 1020.7  15.7 999.0  14.7 99.0 99.00
2023 08 03 06 00 212  6.0  6.2 99.00 99.00 99.00 999 1020.5  15.6 999.0  14.5 99.0 99.00
2023 08 03 07 00 215  5.4  5.7 99.00 99.00 99.00 999 1020.3  15.4 999.0  14.5 99.0 99.00
2023 08 03 08 00 210  3.3  3.6 99.00 99.00 99.00 999 1020.2  14.9 999.0  14.7 99.0 99.00
2023 08 03 09 00 221  4.6  4.7 99.00 99.00 99.00 999 1020.4  15.5 999.0  14.7 99.0 99.00
2023 08 03 10 00 234  4.1  4.2 99.00 99.00 99.00 999 1020.5  15.6 999.0  14.9 99.0 99.00
2023 08 03 11 00 195  4.1  4.3 99.00 99.00 99.00 999 1020.5  16.7 999.0  15.3 99.0 99.00
2023 08 03 12 00 190  5.1  5.4 99.00 99.00 99.00 999 1020.8  17.3 999.0  15.2 99.0 99.00
2023 08 03 13 00 185  5.4  5.7 99.00 99.00 99.00 999 1020.6  17.8 999.0  14.8 99.0 99.00
2023 08 03 14 00 179  5.0  5.2 99.00 99.00 99.00 999 1020.5  17.8 999.0  14.9 99.0 99.00
2023 08 03 15 00 150  7.6  7.8 99.00 99.00 99.00 999 1020.3  17.8 999.0  15.5 99.0 99.00
2023 08 03 16 00 164  7.3  7.7 99.00 99.00 99.00 999 1020.0  18.3 999.0  15.5 99.0 99.00
2023 08 03 17 00 152  7.5  7.9 99.00 99.00 99.00 999 1019.4  18.2 999.0  16.3 99.0 99.00
2023 08 03 18 00 153  7.6  7.9 99.00 99.00 99.00 999 1019.2  18.4 999.0  16.3 99.0 99.00
2023 08 03 19 00 152  8.3  9.0 99.00 99.00 99.00 999 1018.6  18.4 999.0  15.6 99.0 99.00
2023 08 03 20 00 148  8.6  9.0 99.00 99.00 99.00 999 1018.3  18.1 999.0  15.4 99.0 99.00
2023 08 03 21 00 149  9.2  9.7 99.00 99.00 99.00 999 1018.0  18.1 999.0  14.9 99.0 99.00
2023 08 03 22 00 154  8.6  8.8 99.00 99.00 99.00 999 1018.1  18.0 999.0  15.3 99.0 99.00
2023 08 03 23 00 154  8.8  9.0 99.00 99.00 99.00 999 1018.1  17.4 999.0  15.6 99.0 99.00
2023 08 04 00 00 154  8.6  9.0 99.00 99.00 99.00 999 1017.9  16.7 999.0  15.9 99.0 99.00
2023 08 04 01 00 161  9.4  9.7 99.00 99.00 99.00 999 1017.8  17.0 999.0  15.5 99.0 99.00
2023 08 04 02 00 160  8.9  9.6 99.00 99.00 99.00 999 1017.5  16.7 999.0  15.5 99.0 99.00
2023 08 04 03 00 160  9.0  9.7 99.00 99.00 99.00 999 1017.3  16.8 999.0  15.5 99.0 99.00
2023 08 04 04 00 161  9.4  9.9 99.00 99.00 99.00 999 1017.2  16.7 999.0  15.9 99.0 99.00
2023 08 04 05 00 157  9.6 10.2 99.00 99.00 99.00 999 1016.7  16.5 999.0  16.0 99.0 99.00
2023 08 04 06 00 156  9.1  9.6 99.00 99.00 99.00 999 1016.4  16.4 999.0  15.8 99.0 99.00
2023 08 04 07 00 157  8.5  8.8 99.00 99.00 99.00 999 1016.4  16.2 999.0  15.6 99.0 99.00
2023 08 04 08 00 152  9.1  9.5 99.00 99.00 99.00 999 1015.6  16.0 999.0  15.3 99.0 99.00
2023 08 04 09 00 157  9.2  9.6 99.00 99.00 99.00 999 1015.6  15.8 999.0  15.5 99.0 99.00
2023 08 04 10 00 152  8.9  9.2 99.00 99.00 99.00 999 1015.8  15.8 999.0  15.5 99.0 99.00
2023 08 04 11 00 147 10.2 10.5 99.00 99.00 99.00 999 1016.1  16.2 999.0  15.9 99.0 99.00
2023 08 04 12 00 146 10.1 10.5 99.00 99.00 99.00 999 1016.0  16.4 999.0  15.1 99.0 99.00
2023 08 04 13 00 152  9.6  9.9 99.00 99.00 99.00 999 1016.1  16.3 999.0  14.7 99.0 99.00
2023 08 04 14 00 148  9.9 10.4 99.00 99.00 99.00 999 1016.0  16.3 999.0  15.0 99.0 99.00
2023 08 04 15 00 148  8.5  9.1 99.00 99.00 99.00 999 1015.9  16.0 999.0  15.7 99.0 99.00
2023 08 04 16 00 139 11.3 11.7 99.00 99.00 99.00 999 1015.2  16.6 999.0  15.8 99.0 99.00
2023 08 04 17 00 152  9.1  9.4 99.00 99.00 99.00 999 1015.4  16.2 999.0  15.6 99.0 99.00
2023 08 04 18 00 163  7.3  7.8 99.00 99.00 99.00 999 1016.1  15.9 999.0  15.9 99.0 99.00
2023 08 04 19 00 156  9.3 11.1 99.00 99.00 99.00 999 1015.7  15.9 999.0  15.9 99.0 99.00
2023 08 04 20 00 149 10.2 10.7 99.00 99.00 99.00 999 1015.3  15.8 999.0  15.8 99.0 99.00
2023 08 04 21 00 146 11.3 11.7 99.00 99.00 99.00 999 1015.1  15.9 999.0  15.9 99.0 99.00
2023 08 04 22 00 129  7.8  8.2 99.00 99.00 99.00 999 1014.7  15.7 999.0  15.7 99.0 99.00
2023 08 04 23 00 149  4.2  4.3 99.00 99.00 99.00 999 1015.1  15.7 999.0  15.7 99.0 99.00
2023 08 05 00 00 191  8.4  9.1 99.00 99.00 99.00 999 1015.4  17.4 999.0  17.4 99.0 99.00
2023 08 05 01 00 137  9.2  9.8 99.00 99.00 99.00 999 1014.3  15.6 999.0  15.6 99.0 99.00
2023 08 05 02 00 158  7.8  8.4 99.00 99.00 99.00 999 1014.3  15.5 999.0  15.5 99.0 99.00
2023 08 05 03 00 183  7.8  8.3 99.00 99.00 99.00 999 1014.2  15.5 999.0  15.5 99.0 99.00
2023 08 05 04 00 191  7.8  8.0 99.00 99.00 99.00 999 1014.1  16.0 999.0  16.0 99.0 99.00
2023 08 05 05 00 144  7.6  7.7 99.00 99.00 99.00 999 1013.1  15.8 999.0  15.8 99.0 99.00
2023 08 05 06 00 137  8.3  8.7 99.00 99.00 99.00 999 1012.8  15.0 999.0  15.0 99.0 99.00
2023 08 05 07 00 154  6.2  6.5 99.00 99.00 99.00 999 1012.7  15.1 999.0  15.1 99.0 99.00
2023 08 05 08 00 163  3.2  3.5 99.00 99.00 99.00 999 1012.9  15.2 999.0  15.2 99.0 99.00
2023 08 05 09 00  81  0.6  0.8 99.00 99.00 99.00 999 1012.8  15.1 999.0  15.1 99.0 99.00
2023 08 05 10 00  43  2.5  2.6 99.00 99.00 99.00 999 1013.1  14.1 999.0  14.1 99.0 99.00
2023 08 05 11 00  33  3.4  3.6 99.00 99.00 99.00 999 1012.9  14.4 999.0  14.4 99.0 99.00
2023 08 05 12 00  94  2.7  2.8 99.00 99.00 99.00 999 1013.1  15.2 999.0  15.2 99.0 99.00
2023 08 05 13 00 119  3.9  3.9 99.00 99.00 99.00 999 1013.7  15.5 999.0  15.5 99.0 99.00
2023 08 05 14 00 114  2.5  2.7 99.00 99.00 99.00 999 1013.3  16.4 999.0  16.4 99.0 99.00
2023 08 05 15 00   5  2.1  2.5 99.00 99.00 99.00 999 1013.6  14.0 999.0  14.0 99.0 99.00
2023 08 05 16 00  24  2.4  2.6 99.00 99.00 99.00 999 1013.3  14.4 999.0  14.4 99.0 99.00
2023 08 05 17 00 340  2.5  2.7 99.00 99.00 99.00 999 1013.2  14.7 999.0  14.7 99.0 99.00
2023 08 05 18 00 251  0.6  0.8 99.00 99.00 99.00 999 1013.0  16.8 999.0  16.8 99.0 99.00
2023 08 05 19 00 212  1.1  1.2 99.00 99.00 99.00 999 1012.7  17.1 999.0  17.1 99.0 99.00
2023 08 05 20 00 192  1.6  1.8 99.00 99.00 99.00 999 1012.3  20.6 999.0  17.7 99.0 99.00
2023 08 05 21 00 161  2.9  3.0 99.00 99.00 99.00 999 1012.5  18.7 999.0  16.2 99.0 99.00
2023 08 05 22 00 198  3.9  4.0 99.00 99.00 99.00 999 1012.9  17.4 999.0  16.5 99.0 99.00
2023 08 05 23 00 231  2.7  2.9 99.00 99.00 99.00 999 1013.0  16.5 999.0  16.5 99.0 99.00
2023 08 06 00 00 200  4.9  4.9 99.00 99.00 99.00 999 1013.0  15.9 999.0  15.9 99.0 99.00
2023 08 06 01 00 202  6.1  6.4 99.00 99.00 99.00 999 1013.4  16.4 999.0  16.4 99.0 99.00
2023 08 06 02 00 200  6.3  6.6 99.00 99.00 99.00 999 1013.3  15.8 999.0  15.8 99.0 99.00
2023 08 06 03 00 226  5.9  6.1 99.00 99.00 99.00 999 1013.3  15.0 999.0  15.0 99.0 99.00
2023 08 06 04 00 263  5.0  5.4 99.00 99.00 99.00 999 1013.5  14.3 999.0  14.3 99.0 99.00
2023 08 06 05 00 267  6.6  7.0 99.00 99.00 99.00 999 1013.2  15.2 999.0  15.2 99.0 99.00
2023 08 06 06 00 278  6.7  6.9 99.00 99.00 99.00 999 1012.9  16.4 999.0  15.0 99.0 99.00
2023 08 06 07 00 286  7.3  7.5 99.00 99.00 99.00 999 1013.0  15.9 999.0  13.0 99.0 99.00
2023 08 06 08 00 261  6.5  6.5 99.00 99.00 99.00 999 1013.3  16.2 999.0  12.8 99.0 99.00
2023 08 06 09 00 259  6.9  7.1 99.00 99.00 99.00 999 1013.6  15.1 999.0  12.9 99.0 99.00
2023 08 06 10 00 263  5.3  5.4 99.00 99.00 99.00 999 1013.9  15.6 999.0  12.7 99.0 99.00
2023 08 06 11 00 273  5.4  5.8 99.00 99.00 99.00 999 1013.8  14.5 999.0  13.0 99.0 99.00
2023 08 06 12 00 270  5.9  6.1 99.00 99.00 99.00 999 1013.7  14.4 999.0  13.2 99.0 99.00
2023 08 06 13 00 268  5.0  5.2 99.00 99.00 99.00 999 1013.3  15.2 999.0  12.7 99.0 99.00
2023 08 06 14 00 259  5.1  5.3 99.00 99.00 99.00 999 1013.3  14.6 999.0  13.3 99.0 99.00
2023 08 06 15 00 246  6.7  6.9 99.00 99.00 99.00 999 1013.0  14.7 999.0  13.2 99.0 99.00
2023 08 06 16 00 228  7.9  8.3 99.00 99.00 99.00 999 1012.6  14.7 999.0  13.7 99.0 99.00
2023 08 06 17 00 227  9.2  9.4 99.00 99.00 99.00 999 1012.5  15.3 999.0  14.3 99.0 99.00
2023 08 06 18 00 225  8.3  8.6 99.00 99.00 99.00 999 1012.3  15.5 999.0  14.3 99.0 99.00
2023 08 06 19 00 227  9.7 10.1 99.00 99.00 99.00 999 1012.4  16.3 999.0  14.4 99.0 99.00
2023 08 06 20 00 219  8.4  9.0 99.00 99.00 99.00 999 1012.4  16.6 999.0  15.1 99.0 99.00
2023 08 06 21 00 227  8.8  9.4 99.00 99.00 99.00 999 1012.5  16.6 999.0  15.2 99.0 99.00
2023 08 06 22 00 232  7.4  7.9 99.00 99.00 99.00 999 1012.5  16.2 999.0  15.1 99.0 99.00
2023 08 06 23 00 233  8.2  8.5 99.00 99.00 99.00 999 1012.5  15.9 999.0  14.6 99.0 99.00
2023 08 07 00 00 237  8.8  9.0 99.00 99.00 99.00 999 1012.6  15.9 999.0  14.9 99.0 99.00
2023 08 07 01 00 242  8.5  8.9 99.00 99.00 99.00 999 1013.0  15.9 999.0  15.4 99.0 99.00
2023 08 07 02 00 240  8.5  9.1 99.00 99.00 99.00 999 1013.6  15.8 999.0  15.4 99.0 99.00
2023 08 07 03 00 256  8.4  8.6 99.00 99.00 99.00 999 1013.7  15.8 999.0  15.0 99.0 99.00
2023 08 07 04 00 256  6.4  6.7 99.00 99.00 99.00 999 1014.0  16.4 999.0  13.9 99.0 99.00
2023 08 07 05 00 241  4.5  4.7 99.00 99.00 99.00 999 1014.0  15.7 999.0  13.5 99.0 99.00
2023 08 07 06 00 240  5.7  5.8 99.00 99.00 99.00 999 1014.1  14.8 999.0  13.9 99.0 99.00
2023 08 07 07 00 268  5.7  5.8 99.00 99.00 99.00 999 1014.0  15.9 999.0  13.3 99.0 99.00
2023 08 07 08 00 266  4.2  4.3 99.00 99.00 99.00 999 1014.3  15.6 999.0  13.3 99.0 99.00
2023 08 07 09 00 267  4.6  4.8 99.00 99.00 99.00 999 1014.8  17.0 999.0  11.9 99.0 99.00
2023 08 07 10 00 254  4.2  4.3 99.00 99.00 99.00 999 1015.1  16.5 999.0  11.8 99.0 99.00
2023 08 07 11 00 280  4.1  4.1 99.00 99.00 99.00 999 1015.3  17.2 999.0  11.7 99.0 99.00
2023 08 07 12 00 278  2.7 99.0 99.00 99.00 99.00 999 9999.0  16.5 999.0  11.8 99.0 99.00
2023 08 07 13 00 324  2.2  2.2 99.00 99.00 99.00 999 1015.6  17.6 999.0  11.0 99.0 99.00
2023 08 07 14 00   0  0.0  0.0 99.00 99.00 99.00 999 1015.8  17.3 999.0  10.6 99.0 99.00
2023 08 07 15 00 213  5.2  5.6 99.00 99.00 99.00 999 1016.7  16.8 999.0  13.5 99.0 99.00
2023 08 07 16 00 235  2.9  3.0 99.00 99.00 99.00 999 1016.4  16.8 999.0  11.1 99.0 99.00
2023 08 07 17 00 194  0.1  0.3 99.00 99.00 99.00 999 1015.8  18.7 999.0  10.7 99.0 99.00
2023 08 07 18 00  66  0.9  1.0 99.00 99.00 99.00 999 1015.5  19.2 999.0  10.9 99.0 99.00
2023 08 07 19 00  88  2.8  2.8 99.00 99.00 99.00 999 1015.2  17.7 999.0  12.1 99.0 99.00
2023 08 07 20 00 135  4.4  4.5 99.00 99.00 99.00 999 1015.1  18.5 999.0  13.8 99.0 99.00
2023 08 07 21 00 119  3.4  3.4 99.00 99.00 99.00 999 1014.8  18.6 999.0  15.1 99.0 99.00
2023 08 07 22 00 120  3.8  4.2 99.00 99.00 99.00 999 1014.7  18.2 999.0  16.0 99.0 99.00
2023 08 07 23 00 142  4.8  4.9 99.00 99.00 99.00 999 1014.9  18.1 999.0  17.5 99.0 99.00
2023 08 08 00 00 132  4.0  4.1 99.00 99.00 99.00 999 1014.6  17.6 999.0  17.1 99.0 99.00
2023 08 08 01 00 138  5.6  5.6 99.00 99.00 99.00 999 1014.8  17.6 999.0  17.6 99.0 99.00
2023 08 08 02 00 135  5.7  5.8 99.00 99.00 99.00 999 1014.7  17.4 999.0  17.4 99.0 99.00
2023 08 08 03 00 128  5.4  5.5 99.00 99.00 99.00 999 1014.6  17.5 999.0  17.5 99.0 99.00
2023 08 08 04 00 135  6.1  6.2 99.00 99.00 99.00 999 1014.1  17.5 999.0  17.5 99.0 99.00
2023 08 08 05 00  88  6.0  6.2 99.00 99.00 99.00 999 1013.5  16.3 999.0  16.3 99.0 99.00
2023 08 08 06 00  86  7.6  7.8 99.00 99.00 99.00 999 1013.1  16.1 999.0  16.1 99.0 99.00
2023 08 08 07 00  91  6.6  6.7 99.00 99.00 99.00 999 1012.9  16.3 999.0  16.3 99.0 99.00
2023 08 08 09 00  93  9.4 10.1 99.00 99.00 99.00 999 1011.1  15.8 999.0  15.8 99.0 99.00
2023 08 08 10 00 105  7.6  7.8 99.00 99.00 99.00 999 1011.2  15.7 999.0  15.6 99.0 99.00
2023 08 08 11 00 110  9.5 10.1 99.00 99.00 99.00 999 1010.9  15.3 999.0  15.3 99.0 99.00
2023 08 08 12 00 101 10.3 10.8 99.00 99.00 99.00 999 1010.1  15.5 999.0  15.5 99.0 99.00
2023 08 08 13 00 102 11.1 11.5 99.00 99.00 99.00 999 1009.4  15.7 999.0  15.7 99.0 99.00
2023 08 08 14 00 104  9.8 10.0 99.00 99.00 99.00 999 1009.0  15.7 999.0  15.7 99.0 99.00
2023 08 08 15 00 108 10.5 10.9 99.00 99.00 99.00 999 1008.3  15.7 999.0  15.7 99.0 99.00
2023 08 08 16 00 111 10.7 11.5 99.00 99.00 99.00 999 1007.5  15.9 999.0  15.6 99.0 99.00
2023 08 08 17 00 108 11.4 11.9 99.00 99.00 99.00 999 1006.8  15.9 999.0  15.9 99.0 99.00
2023 08 08 18 00 110 12.4 13.2 99.00 99.00 99.00 999 1006.1  15.8 999.0  15.8 99.0 99.00
2023 08 08 19 00 112 13.0 13.6 99.00 99.00 99.00 999 1004.7  16.1 999.0  16.1 99.0 99.00
2023 08 08 20 00 108 13.2 13.9 99.00 99.00 99.00 999 1003.7  16.3 999.0  16.3 99.0 99.00
2023 08 08 21 00 106 13.3 14.7 99.00 99.00 99.00 999 1002.3  16.3 999.0  16.3 99.0 99.00
2023 08 08 22 00 109 11.7 12.5 99.00 99.00 99.00 999 1001.5  16.5 999.0  16.5 99.0 99.00
2023 08 08 23 00 104 13.4 14.7 99.00 99.00 99.00 999 1000.1  16.2 999.0  16.2 99.0 99.00
2023 08 09 00 00 110 14.2 15.7 99.00 99.00 99.00 999  999.4  16.3 999.0  16.3 99.0 99.00
2023 08 09 01 00 112 13.8 14.9 99.00 99.00 99.00 999  998.8  15.5 999.0  15.5 99.0 99.00
2023 08 09 02 00 119 11.9 12.7 99.00 99.00 99.00 999  998.2  15.1 999.0  15.1 99.0 99.00
2023 08 09 03 00 142  9.3  9.6 99.00 99.00 99.00 999  997.3  16.2 999.0  16.2 99.0 99.00
2023 08 09 04 00 161  8.0  8.1 99.00 99.00 99.00 999  996.6  17.2 999.0  17.2 99.0 99.00
2023 08 09 05 00 152  7.5  7.8 99.00 99.00 99.00 999  995.9  16.6 999.0  16.6 99.0 99.00
2023 08 09 06 00 186  6.8  6.9 99.00 99.00 99.00 999  995.9  16.7 999.0  16.7 99.0 99.00
2023 08 09 07 00 235  2.4  2.4 99.00 99.00 99.00 999  995.5  14.9 999.0  14.9 99.0 99.00
2023 08 09 08 00 211  3.9  4.0 99.00 99.00 99.00 999  995.2  15.4 999.0  15.4 99.0 99.00
2023 08 09 09 00 273  6.8  7.1 99.00 99.00 99.00 999  995.8  13.5 999.0  13.5 99.0 99.00
2023 08 09 10 00 254  7.5  7.9 99.00 99.00 99.00 999  995.6  13.3 999.0  13.3 99.0 99.00
2023 08 09 11 00 260  7.1  7.7 99.00 99.00 99.00 999  996.2  13.9 999.0  13.9 99.0 99.00
2023 08 09 12 00 279  7.3  7.6 99.00 99.00 99.00 999  996.4  14.9 999.0  14.9 99.0 99.00
2023 08 09 13 00 244  7.0  7.2 99.00 99.00 99.00 999  996.8  13.9 999.0  13.9 99.0 99.00
2023 08 09 14 00 231  5.0  5.3 99.00 99.00 99.00 999  997.4  13.4 999.0  13.4 99.0 99.00
2023 08 09 15 00 244  7.3  7.6 99.00 99.00 99.00 999  997.7  14.7 999.0  14.7 99.0 99.00
2023 08 09 16 00 237  7.3  7.6 99.00 99.00 99.00 999  997.8  14.8 999.0  14.8 99.0 99.00
2023 08 09 17 00 243  6.9  7.3 99.00 99.00 99.00 999  998.0  15.0 999.0  15.0 99.0 99.00
2023 08 09 18 00 260  8.6  9.2 99.00 99.00 99.00 999  998.3  17.5 999.0  14.3 99.0 99.00
2023 08 09 19 00 272  9.3  9.6 99.00 99.00 99.00 999  998.2  18.4 999.0  13.5 99.0 99.00
2023 08 09 20 00 272  9.2  9.4 99.00 99.00 99.00 999  998.7  18.7 999.0  13.6 99.0 99.00
2023 08 09 21 00 292  8.1  8.2 99.00 99.00 99.00 999  999.1  18.2 999.0  13.8 99.0 99.00
2023 08 09 22 00 297  5.8  6.0 99.00 99.00 99.00 999  999.7  16.7 999.0  13.6 99.0 99.00
2023 08 09 23 00 266  5.4  5.6 99.00 99.00 99.00 999 1000.7  18.6 999.0  14.1 99.0 99.00
2023 08 10 00 00 276  8.1  8.2 99.00 99.00 99.00 999 1001.2  17.3 999.0  13.5 99.0 99.00
2023 08 10 01 00 274  8.0  8.3 99.00 99.00 99.00 999 1002.0  17.2 999.0  13.5 99.0 99.00
2023 08 10 02 00 266  7.8  8.0 99.00 99.00 99.00 999 1001.9  16.4 999.0  13.1 99.0 99.00
2023 08 10 03 00 270  5.6  5.9 99.00 99.00 99.00 999 1002.2  15.4 999.0  13.0 99.0 99.00
2023 08 10 04 00 283  8.9  9.4 99.00 99.00 99.00 999 1002.2  18.0 999.0  12.8 99.0 99.00
2023 08 10 05 00 253  9.1  9.3 99.00 99.00 99.00 999 1002.4  16.4 999.0  13.0 99.0 99.00
2023 08 10 06 00 233  8.9  9.2 99.00 99.00 99.00 999 1003.1  14.8 999.0  13.4 99.0 99.00
2023 08 10 07 00 244  9.2  9.4 99.00 99.00 99.00 999 1003.0  17.6 999.0  13.3 99.0 99.00
2023 08 10 08 00 223  6.6  7.1 99.00 99.00 99.00 999 1002.8  16.8 999.0  15.2 99.0 99.00
2023 08 10 09 00 240  7.7  8.2 99.00 99.00 99.00 999 1003.3  15.2 999.0  14.3 99.0 99.00
2023 08 10 10 00 250  6.3  6.7 99.00 99.00 99.00 999 1003.6  15.4 999.0  14.2 99.0 99.00
2023 08 10 11 00 239  7.2  7.6 99.00 99.00 99.00 999 1004.0  15.1 999.0  14.4 99.0 99.00
2023 08 10 12 00 253  5.7  5.9 99.00 99.00 99.00 999 1004.2  15.1 999.0  14.3 99.0 99.00
2023 08 10 13 00 239  6.8  7.4 99.00 99.00 99.00 999 1004.6  15.4 999.0  14.7 99.0 99.00
2023 08 10 14 00 249  6.5  6.6 99.00 99.00 99.00 999 1004.9  16.9 999.0  14.8 99.0 99.00
2023 08 10 15 00 241  5.8  6.0 99.00 99.00 99.00 999 1005.2  16.4 999.0  14.7 99.0 99.00
2023 08 10 16 00 225  6.1  6.2 99.00 99.00 99.00 999 1005.3  16.5 999.0  15.1 99.0 99.00
2023 08 10 17 00 228  6.0  6.3 99.00 99.00 99.00 999 1004.9  17.1 999.0  16.2 99.0 99.00
2023 08 10 18 00 210  6.2  6.3 99.00 99.00 99.00 999 1004.7  17.2 999.0  16.1 99.0 99.00
2023 08 10 19 00 192  7.1  7.3 99.00 99.00 99.00 999 1004.4  18.0 999.0  17.2 99.0 99.00
2023 08 10 20 00 176  7.2  7.4 99.00 99.00 99.00 999 1004.2  17.9 999.0  17.1 99.0 99.00
2023 08 10 21 00 184  8.2  8.4 99.00 99.00 99.00 999 1004.3  16.7 999.0  16.5 99.0 99.00
2023 08 10 22 00 178  7.0  7.2 99.00 99.00 99.00 999 1003.9  17.3 999.0  16.9 99.0 99.00
2023 08 10 23 00 176  8.1  8.5 99.00 99.00 99.00 999 1003.8  16.3 999.0  16.2 99.0 99.00
2023 08 11 00 00 172  8.0  8.2 99.00 99.00 99.00 999 1003.7  16.8 999.0  16.6 99.0 99.00
2023 08 11 01 00 163  7.6  7.8 99.00 99.00 99.00 999 1003.3  16.9 999.0  16.8 99.0 99.00
2023 08 11 02 00 159  8.1  8.4 99.00 99.00 99.00 999 1002.9  17.3 999.0  16.9 99.0 99.00
2023 08 11 03 00 167  8.8  9.1 99.00 99.00 99.00 999 1002.5  17.1 999.0  17.1 99.0 99.00
2023 08 11 04 00 175  9.1  9.4 99.00 99.00 99.00 999 1002.1  16.5 999.0  16.5 99.0 99.00
2023 08 11 05 00 164 10.1 10.4 99.00 99.00 99.00 999 1001.6  16.7 999.0  16.7 99.0 99.00
2023 08 11 06 00 166 10.3 10.5 99.00 99.00 99.00 999 1000.9  17.1 999.0  17.1 99.0 99.00
2023 08 11 07 00 191 12.6 13.1 99.00 99.00 99.00 999 1000.2  16.4 999.0  16.4 99.0 99.00
2023 08 11 08 00 158 10.1 10.6 99.00 99.00 99.00 999  999.9  16.2 999.0  16.2 99.0 99.00
2023 08 11 09 00 154  9.9 10.1 99.00 99.00 99.00 999  999.0  16.2 999.0  16.2 99.0 99.00
2023 08 11 10 00 174 10.0 10.2 99.00 99.00 99.00 999  999.0  15.7 999.0  15.7 99.0 99.00
2023 08 11 11 00 196  8.5  8.8 99.00 99.00 99.00 999  999.1  16.1 999.0  16.1 99.0 99.00
2023 08 11 12 00 233  7.4  7.8 99.00 99.00 99.00 999  999.5  14.5 999.0  14.5 99.0 99.00
2023 08 11 13 00 245  7.9  8.2 99.00 99.00 99.00 999 1000.0  14.4 999.0  14.4 99.0 99.00
2023 08 11 14 00 254  8.7  9.3 99.00 99.00 99.00 999 1000.4  14.6 999.0  14.6 99.0 99.00
2023 08 11 15 00 254  7.4  7.6 99.00 99.00 99.00 999 1000.5  15.6 999.0  14.6 99.0 99.00
2023 08 11 16 00 235  6.8  7.2 99.00 99.00 99.00 999 1000.7  15.0 999.0  14.0 99.0 99.00
2023 08 11 17 00 233  8.9  9.3 99.00 99.00 99.00 999 1001.0  15.2 999.0  14.0 99.0 99.00
2023 08 11 18 00 229 10.7 11.6 99.00 99.00 99.00 999 1001.5  15.5 999.0  14.9 99.0 99.00
2023 08 11 19 00 222  9.8 10.4 99.00 99.00 99.00 999 1001.9  15.5 999.0  14.4 99.0 99.00
2023 08 11 20 00 226 11.0 11.7 99.00 99.00 99.00 999 1002.4  15.9 999.0  14.7 99.0 99.00
2023 08 11 21 00 230 10.4 11.2 99.00 99.00 99.00 999 1003.0  16.5 999.0  14.4 99.0 99.00
2023 08 11 22 00 228 10.1 10.9 99.00 99.00 99.00 999 1003.5  16.4 999.0  14.1 99.0 99.00
2023 08 11 23 00 233  9.5 10.0 99.00 99.00 99.00 999 1004.4  16.4 999.0  14.2 99.0 99.00
2023 08 12 00 00 249 11.2 11.9 99.00 99.00 99.00 999 1005.2  17.0 999.0  13.4 99.0 99.00
2023 08 12 01 00 255  9.3  9.5 99.00 99.00 99.00 999 1006.0  18.5 999.0  12.7 99.0 99.00
2023 08 12 02 00 250 10.1 10.4 99.00 99.00 99.00 999 1007.0  18.0 999.0  12.9 99.0 99.00
2023 08 12 03 00 251 10.0 10.3 99.00 99.00 99.00 999 1007.4  16.8 999.0  13.3 99.0 99.00
2023 08 12 04 00 270  9.1  9.5 99.00 99.00 99.00 999 1007.6  17.4 999.0  12.9 99.0 99.00
2023 08 12 05 00 245  7.8  8.0 99.00 99.00 99.00 999 1008.7  16.0 999.0  13.0 99.0 99.00
2023 08 12 06 00 250  9.7 10.3 99.00 99.00 99.00 999 1008.7  17.0 999.0  12.7 99.0 99.00
2023 08 12 07 00 226  9.6  9.9 99.00 99.00 99.00 999 1009.5  15.9 999.0  13.3 99.0 99.00
2023 08 12 08 00 239  6.8  6.8 99.00 99.00 99.00 999 1010.1  15.6 999.0  13.5 99.0 99.00
2023 08 12 09 00 238  6.6  7.0 99.00 99.00 99.00 999 1010.8  15.6 999.0  13.7 99.0 99.00
2023 08 12 10 00 241  7.5  8.1 99.00 99.00 99.00 999 1011.5  15.2 999.0  13.8 99.0 99.00
2023 08 12 11 00 251  8.3  8.8 99.00 99.00 99.00 999 1011.8  15.4 999.0  13.8 99.0 99.00
2023 08 12 12 00 243  7.1  7.2 99.00 99.00 99.00 999 1012.4  15.4 999.0  13.9 99.0 99.00
2023 08 12 13 00 259  5.5  5.8 99.00 99.00 99.00 999 1012.4  15.6 999.0  14.1 99.0 99.00
2023 08 12 14 00 252  4.6  4.8 99.00 99.00 99.00 999 1013.0  15.3 999.0  14.2 99.0 99.00
2023 08 12 15 00 231  4.7  4.8 99.00 99.00 99.00 999 1013.1  16.0 999.0  14.0 99.0 99.00
2023 08 12 16 00 218  6.6  6.8 99.00 99.00 99.00 999 1013.2  15.9 999.0  13.9 99.0 99.00
2023 08 12 17 00 213  5.9  6.2 99.00 99.00 99.00 999 1013.2  16.1 999.0  14.4 99.0 99.00
2023 08 12 18 00 195  7.5  7.8 99.00 99.00 99.00 999 1013.3  17.4 999.0  15.3 99.0 99.00
2023 08 12 19 00 195  7.1  7.3 99.00 99.00 99.00 999 1013.3  17.6 999.0  16.3 99.0 99.00
2023 08 12 20 00 194  6.6  6.8 99.00 99.00 99.00 999 1013.2  18.4 999.0  17.0 99.0 99.00
2023 08 12 21 00 175  7.0  7.2 99.00 99.00 99.00 999 1013.0  17.9 999.0  16.9 99.0 99.00
2023 08 12 22 00 173  7.1  7.2 99.00 99.00 99.00 999 1013.1  18.2 999.0  17.1 99.0 99.00
2023 08 12 23 00 163  5.2  5.3 99.00 99.00 99.00 999 1013.0  17.9 999.0  17.2 99.0 99.00
2023 08 13 00 00 153  5.2  5.4 99.00 99.00 99.00 999 1013.3  17.8 999.0  17.8 99.0 99.00
2023 08 13 01 00 143  5.0  5.1 99.00 99.00 99.00 999 1013.2  17.7 999.0  17.7 99.0 99.00
2023 08 13 02 00 135  5.7  5.9 99.00 99.00 99.00 999 1012.8  17.7 999.0  17.7 99.0 99.00
2023 08 13 03 00 147  5.6  5.8 99.00 99.00 99.00 999 1013.0  17.7 999.0  17.7 99.0 99.00
2023 08 13 04 00 152  5.8  5.9 99.00 99.00 99.00 999 1013.0  17.8 999.0  17.8 99.0 99.00
2023 08 13 05 00 136  5.5  5.7 99.00 99.00 99.00 999 1012.4  17.9 999.0  17.9 99.0 99.00
2023 08 13 06 00 128  7.2  7.4 99.00 99.00 99.00 999 1012.0  17.5 999.0  17.5 99.0 99.00
2023 08 13 07 00 135  8.4  8.7 99.00 99.00 99.00 999 1011.4  17.6 999.0  17.6 99.0 99.00
2023 08 13 08 00 142  9.8 10.3 99.00 99.00 99.00 999 1010.6  17.4 999.0  17.4 99.0 99.00
2023 08 13 09 00 148  8.1  8.5 99.00 99.00 99.00 999 1010.7  17.7 999.0  17.7 99.0 99.00
2023 08 13 10 00 155 10.0 10.3 99.00 99.00 99.00 999 1010.7  18.3 999.0  18.3 99.0 99.00
2023 08 13 11 00 155 10.6 11.0 99.00 99.00 99.00 999 1011.3  18.4 999.0  18.4 99.0 99.00
2023 08 13 12 00 176  9.3  9.7 99.00 99.00 99.00 999 1011.1  18.1 999.0  18.1 99.0 99.00
2023 08 13 13 00 171  8.9  9.4 99.00 99.00 99.00 999 1011.2  17.7 999.0  17.7 99.0 99.00
2023 08 13 14 00 196  8.2  8.8 99.00 99.00 99.00 999 1011.3  17.1 999.0  17.1 99.0 99.00
2023 08 13 15 00 177  9.8 10.2 99.00 99.00 99.00 999 1011.2  18.2 999.0  18.2 99.0 99.00
2023 08 13 16 00 165  9.5  9.8 99.00 99.00 99.00 999 1010.9  18.0 999.0  18.0 99.0 99.00
2023 08 13 17 00 161  9.7 10.2 99.00 99.00 99.00 999 1010.3  18.4 999.0  18.4 99.0 99.00
2023 08 13 18 00 160  9.1  9.4 99.00 99.00 99.00 999 1009.9  18.7 999.0  18.7 99.0 99.00
2023 08 13 19 00 162  8.4  8.8 99.00 99.00 99.00 999 1009.9  18.3 999.0  18.3 99.0 99.00
2023 08 13 20 00 160  7.3  7.6 99.00 99.00 99.00 999 1010.1  17.9 999.0  17.9 99.0 99.00
2023 08 13 21 00 150  7.2  7.7 99.00 99.00 99.00 999 1009.4  18.0 999.0  18.0 99.0 99.00
2023 08 13 22 00 151 10.8 11.2 99.00 99.00 99.00 999 1009.0  18.1 999.0  18.1 99.0 99.00
2023 08 13 23 00 140  5.6  5.8 99.00 99.00 99.00 999 1009.2  17.5 999.0  17.5 99.0 99.00
2023 08 14 00 00 167  4.4  4.5 99.00 99.00 99.00 999 1009.2  18.3 999.0  18.3 99.0 99.00
2023 08 14 01 00 299  1.1  1.2 99.00 99.00 99.00 999 1009.6  17.4 999.0  17.4 99.0 99.00
2023 08 14 02 00 103  1.8  2.4 99.00 99.00 99.00 999 1009.2  16.6 999.0  16.6 99.0 99.00
2023 08 14 03 00 119  2.2  2.4 99.00 99.00 99.00 999 1008.8  16.7 999.0  16.7 99.0 99.00
2023 08 14 04 00 212  3.3  3.4 99.00 99.00 99.00 999 1008.9  17.4 999.0  17.4 99.0 99.00
2023 08 14 05 00 293  5.1  5.4 99.00 99.00 99.00 999 1009.4  14.8 999.0  14.8 99.0 99.00
2023 08 14 06 00 301  5.1  5.5 99.00 99.00 99.00 999 1009.2  16.2 999.0  16.2 99.0 99.00
2023 08 14 07 00 314  5.3  5.6 99.00 99.00 99.00 999 1009.5  16.2 999.0  16.2 99.0 99.00
2023 08 14 08 00 296  4.9  5.1 99.00 99.00 99.00 999 1009.4  16.7 999.0  16.7 99.0 99.00
2023 08 14 09 00 301  5.1  5.3 99.00 99.00 99.00 999 1009.3  16.0 999.0  16.0 99.0 99.00
2023 08 14 10 00 284  6.3  6.6 99.00 99.00 99.00 999 1010.2  14.8 999.0  14.8 99.0 99.00
2023 08 14 11 00 272  3.6  4.0 99.00 99.00 99.00 999 1010.6  14.8 999.0  14.8 99.0 99.00
2023 08 14 12 00 264  3.9  4.0 99.00 99.00 99.00 999 1010.8  15.6 999.0  15.6 99.0 99.00
2023 08 14 13 00 254  4.8  5.1 99.00 99.00 99.00 999 1011.2  15.5 999.0  15.5 99.0 99.00
2023 08 14 14 00 237  5.5  5.8 99.00 99.00 99.00 999 1011.8  16.0 999.0  16.0 99.0 99.00
2023 08 14 15 00 244  6.3  6.5 99.00 99.00 99.00 999 1011.8  16.3 999.0  16.3 99.0 99.00
2023 08 14 16 00 235  6.6  6.8 99.00 99.00 99.00 999 1011.7  16.5 999.0  16.2 99.0 99.00
2023 08 14 17 00 231  6.4  6.5 99.00 99.00 99.00 999 1011.8  17.2 999.0  16.3 99.0 99.00
2023 08 14 18 00 218  7.9  8.2 99.00 99.00 99.00 999 1011.8  16.9 999.0  15.9 99.0 99.00
2023 08 14 19 00 224  8.5  8.8 99.00 99.00 99.00 999 1011.7  16.7 999.0  16.4 99.0 99.00
2023 08 14 20 00 234  9.0  9.2 99.00 99.00 99.00 999 1011.5  17.9 999.0  15.3 99.0 99.00
2023 08 14 21 00 217  6.9  7.4 99.00 99.00 99.00 999 1011.5  17.5 999.0  16.0 99.0 99.00
2023 08 14 22 00 213  8.1  8.4 99.00 99.00 99.00 999 1011.3  18.1 999.0  17.2 99.0 99.00
2023 08 14 23 00 198  7.6  7.9 99.00 99.00 99.00 999 1011.5  16.8 999.0  16.8 99.0 99.00
2023 08 15 00 00 219  7.7  7.8 99.00 99.00 99.00 999 1011.8  17.1 999.0  17.0 99.0 99.00
2023 08 15 01 00 224  7.5  7.7 99.00 99.00 99.00 999 1012.1  16.9 999.0  16.9 99.0 99.00
2023 08 15 02 00 221  5.7  5.8 99.00 99.00 99.00 999 1012.6  16.5 999.0  16.5 99.0 99.00
2023 08 15 03 00 221  3.0  3.3 99.00 99.00 99.00 999 1012.8  16.3 999.0  16.3 99.0 99.00
2023 08 15 04 00 251  5.7  5.8 99.00 99.00 99.00 999 1012.7  16.5 999.0  16.5 99.0 99.00
2023 08 15 05 00 246  5.1  5.2 99.00 99.00 99.00 999 1012.7  16.2 999.0  16.2 99.0 99.00
2023 08 15 06 00 277  5.1  5.3 99.00 99.00 99.00 999 1012.6  17.2 999.0  16.3 99.0 99.00
2023 08 15 07 00 284  3.9  3.9 99.00 99.00 99.00 999 1012.4  17.1 999.0  16.2 99.0 99.00
2023 08 15 08 00 296  3.5  3.6 99.00 99.00 99.00 999 1012.1  18.2 999.0  15.6 99.0 99.00
2023 08 15 09 00 331  2.7  2.7 99.00 99.00 99.00 999 1011.4  18.1 999.0  15.8 99.0 99.00
2023 08 15 10 00   8  2.6  2.7 99.00 99.00 99.00 999 1011.5  18.5 999.0  15.8 99.0 99.00
2023 08 15 11 00  58  1.6  1.8 99.00 99.00 99.00 999 1012.0  17.9 999.0  15.6 99.0 99.00
2023 08 15 12 00  53  2.8  2.9 99.00 99.00 99.00 999 1011.9  17.7 999.0  15.5 99.0 99.00
2023 08 15 13 00  80  2.3  2.3 99.00 99.00 99.00 999 1012.2  18.1 999.0  16.1 99.0 99.00
2023 08 15 14 00 128  2.2  2.3 99.00 99.00 99.00 999 1011.9  18.4 999.0  18.1 99.0 99.00
2023 08 15 15 00 353  0.9  1.0 99.00 99.00 99.00 999 1012.3  17.9 999.0  17.9 99.0 99.00
2023 08 15 16 00  17  2.4  2.5 99.00 99.00 99.00 999 1012.1  17.3 999.0  17.3 99.0 99.00
2023 08 15 17 00  53  2.6  2.6 99.00 99.00 99.00 999 1011.5  17.3 999.0  17.3 99.0 99.00
2023 08 15 18 00  44  4.5  4.7 99.00 99.00 99.00 999 1010.9  16.5 999.0  16.5 99.0 99.00
2023 08 15 19 00  80  4.7  4.8 99.00 99.00 99.00 999 1010.8  17.7 999.0  17.7 99.0 99.00
2023 08 15 20 00  30  4.3  4.4 99.00 99.00 99.00 999 1010.5  16.8 999.0  16.8 99.0 99.00
2023 08 15 21 00  60  3.2  3.3 99.00 99.00 99.00 999 1010.8  17.0 999.0  17.0 99.0 99.00
2023 08 15 22 00  60  3.5  3.7 99.00 99.00 99.00 999 1010.3  17.2 999.0  17.2 99.0 99.00
2023 08 15 23 00  57  2.4  2.6 99.00 99.00 99.00 999 1010.3  17.2 999.0  17.2 99.0 99.00
2023 08 16 00 00   7  2.1  2.3 99.00 99.00 99.00 999 1010.8  16.1 999.0  16.1 99.0 99.00
2023 08 16 01 00  64  1.4  1.5 99.00 99.00 99.00 999 1011.6  16.0 999.0  16.0 99.0 99.00
2023 08 16 02 00 139  1.0  1.1 99.00 99.00 99.00 999 1011.7  16.8 999.0  16.8 99.0 99.00
2023 08 16 03 00 153  0.7  0.7 99.00 99.00 99.00 999 1012.1  16.8 999.0  16.8 99.0 99.00
2023 08 16 04 00 305  0.5  0.6 99.00 99.00 99.00 999 1012.1  16.5 999.0  16.5 99.0 99.00
2023 08 16 05 00 330  0.6  0.8 99.00 99.00 99.00 999 1012.6  15.1 999.0  15.1 99.0 99.00
2023 08 16 06 00 323  0.9  1.0 99.00 99.00 99.00 999 1012.3  15.4 999.0  15.4 99.0 99.00
2023 08 16 07 00 217  0.9  1.0 99.00 99.00 99.00 999 1013.1  15.4 999.0  15.4 99.0 99.00
2023 08 16 08 00 173  1.6  1.7 99.00 99.00 99.00 999 1013.2  16.0 999.0  16.0 99.0 99.00
2023 08 16 09 00 100  0.8  1.0 99.00 99.00 99.00 999 1013.0  16.1 999.0  16.1 99.0 99.00
2023 08 16 10 00  84  2.3  2.7 99.00 99.00 99.00 999 1013.2  16.0 999.0  16.0 99.0 99.00
2023 08 16 11 00 112  2.8  3.1 99.00 99.00 99.00 999 1013.7  16.2 999.0  16.2 99.0 99.00
2023 08 16 12 00  91  2.7  2.8 99.00 99.00 99.00 999 1014.1  16.3 999.0  16.3 99.0 99.00
2023 08 16 13 00  91  2.3  2.4 99.00 99.00 99.00 999 1015.1  16.4 999.0  16.4 99.0 99.00
2023 08 16 14 00  74  1.3  1.5 99.00 99.00 99.00 999 1015.4  16.6 999.0  16.6 99.0 99.00
2023 08 16 15 00  81  0.1  0.3 99.00 99.00 99.00 999 1015.8  17.0 999.0  17.0 99.0 99.00
2023 08 16 16 00  10  3.9  4.1 99.00 99.00 99.00 999 1015.7  14.9 999.0  14.9 99.0 99.00
2023 08 16 17 00  25  4.1  4.4 99.00 99.00 99.00 999 1015.9  14.1 999.0  14.1 99.0 99.00
2023 08 16 18 00  34  3.4  3.8 99.00 99.00 99.00 999 1016.0  14.3 999.0  14.3 99.0 99.00
2023 08 16 19 00  30  3.1  3.3 99.00 99.00 99.00 999 1015.9  14.6 999.0  14.6 99.0 99.00
2023 08 16 20 00  52  2.9  3.2 99.00 99.00 99.00 999 1015.9  15.5 999.0  15.5 99.0 99.00
2023 08 16 21 00  72  3.1  3.4 99.00 99.00 99.00 999 1015.6  15.8 999.0  15.8 99.0 99.00
2023 08 16 22 00 104  0.1  0.4 99.00 99.00 99.00 999 1015.9  17.1 999.0  17.1 99.0 99.00
2023 08 16 23 00  57  1.2  1.4 99.00 99.00 99.00 999 1015.7  16.5 999.0  16.5 99.0 99.00
2023 08 17 00 00 340  0.2  0.3 99.00 99.00 99.00 999 1016.5  15.8 999.0  15.8 99.0 99.00
2023 08 17 01 00  24  1.8  2.1 99.00 99.00 99.00 999 1016.8  15.3 999.0  15.3 99.0 99.00
2023 08 17 02 00  94  1.9  2.0 99.00 99.00 99.00 999 1017.3  16.3 999.0  16.3 99.0 99.00
2023 08 17 03 00 320  0.6  1.1 99.00 99.00 99.00 999 1017.4  16.2 999.0  16.2 99.0 99.00
2023 08 17 04 00  98  0.8  1.3 99.00 99.00 99.00 999 1017.4  16.0 999.0  16.0 99.0 99.00
2023 08 17 05 00 155  2.2  2.7 99.00 99.00 99.00 999 1017.3  17.1 999.0  17.1 99.0 99.00
2023 08 17 06 00 171  2.2  2.4 99.00 99.00 99.00 999 1017.2  17.5 999.0  17.5 99.0 99.00
2023 08 17 07 00 119  1.6  1.9 99.00 99.00 99.00 999 1017.3  17.4 999.0  17.4 99.0 99.00
2023 08 17 08 00 102  2.1  2.1 99.00 99.00 99.00 999 1017.0  17.4 999.0  17.4 99.0 99.00
2023 08 17 09 00  82  2.1  2.5 99.00 99.00 99.00 999 1017.4  16.5 999.0  16.5 99.0 99.00
2023 08 17 10 00  43  2.9  3.0 99.00 99.00 99.00 999 1017.7  16.4 999.0  16.4 99.0 99.00
2023 08 17 11 00  81  6.2  6.3 99.00 99.00 99.00 999 1018.1  16.9 999.0  16.9 99.0 99.00
2023 08 17 12 00  92  6.5  6.6 99.00 99.00 99.00 999 1018.3  17.1 999.0  17.1 99.0 99.00
2023 08 17 13 00  78  6.4  6.6 99.00 99.00 99.00 999 1018.2  17.2 999.0  17.2 99.0 99.00
2023 08 17 14 00  78  5.8  6.0 99.00 99.00 99.00 999 1018.5  17.9 999.0  17.4 99.0 99.00
2023 08 17 15 00  87  4.9  5.4 99.00 99.00 99.00 999 1018.1  18.4 999.0  17.6 99.0 99.00
2023 08 17 16 00  81  5.8  6.5 99.00 99.00 99.00 999 1017.9  18.6 999.0  18.1 99.0 99.00
2023 08 17 17 00  84  5.1  5.6 99.00 99.00 99.00 999 1017.7  18.4 999.0  18.4 99.0 99.00
2023 08 17 18 00  96  5.3  5.7 99.00 99.00 99.00 999 1017.3  18.6 999.0  18.6 99.0 99.00
2023 08 17 19 00  93  6.3  6.5 99.00 99.00 99.00 999 1017.2  18.2 999.0  18.2 99.0 99.00
2023 08 17 20 00  99  6.0  6.5 99.00 99.00 99.00 999 1016.8  18.2 999.0  18.2 99.0 99.00
2023 08 17 21 00 118  6.7  7.2 99.00 99.00 99.00 999 1016.6  18.3 999.0  18.3 99.0 99.00
2023 08 17 22 00 119  5.9  6.4 99.00 99.00 99.00 999 1016.3  18.0 999.0  18.0 99.0 99.00
2023 08 17 23 00 106  5.7  6.0 99.00 99.00 99.00 999 1015.7  17.8 999.0  17.8 99.0 99.00
2023 08 18 00 00  86  5.3  5.6 99.00 99.00 99.00 999 1015.3  17.7 999.0  17.7 99.0 99.00
2023 08 18 01 00  98  8.0  8.5 99.00 99.00 99.00 999 1015.1  17.6 999.0  17.6 99.0 99.00
2023 08 18 02 00 107  7.2  7.7 99.00 99.00 99.00 999 1015.1  17.6 999.0  17.6 99.0 99.00
2023 08 18 03 00 109  8.1  8.5 99.00 99.00 99.00 999 1014.3  17.7 999.0  17.7 99.0 99.00
2023 08 18 04 00 112  7.8  8.5 99.00 99.00 99.00 999 1013.9  17.7 999.0  17.7 99.0 99.00
2023 08 18 05 00 105  5.9  6.3 99.00 99.00 99.00 999 1013.0  18.0 999.0  18.0 99.0 99.00
2023 08 18 06 00 103  6.4  6.7 99.00 99.00 99.00 999 1011.9  17.8 999.0  17.8 99.0 99.00
2023 08 18 07 00 109  6.2  6.8 99.00 99.00 99.00 999 1011.2  18.1 999.0  18.1 99.0 99.00
2023 08 18 08 00 128  4.0  4.2 99.00 99.00 99.00 999 1010.8  18.1 999.0  18.1 99.0 99.00
2023 08 18 09 00 155  2.5  2.8 99.00 99.00 99.00 999 1010.7  18.2 999.0  18.2 99.0 99.00
2023 08 18 10 00 112  3.3  3.4 99.00 99.00 99.00 999 1010.3  18.5 999.0  18.5 99.0 99.00
2023 08 18 11 00 109  3.7  3.8 99.00 99.00 99.00 999 1009.8  18.7 999.0  18.7 99.0 99.00
2023 08 18 12 00  90  5.0  5.1 99.00 99.00 99.00 999 1009.1  18.7 999.0  18.7 99.0 99.00
2023 08 18 13 00  83  4.4  4.4 99.00 99.00 99.00 999 1008.8  18.8 999.0  18.8 99.0 99.00
2023 08 18 14 00  89  4.2  4.5 99.00 99.00 99.00 999 1008.4  18.9 999.0  18.9 99.0 99.00
2023 08 18 15 00 109  7.1  7.4 99.00 99.00 99.00 999 1007.9  19.0 999.0  19.0 99.0 99.00
2023 08 18 16 00 122  6.2  7.1 99.00 99.00 99.00 999 1007.4  19.1 999.0  19.1 99.0 99.00
2023 08 18 17 00 133  7.2  7.7 99.00 99.00 99.00 999 1006.4  19.4 999.0  19.4 99.0 99.00
2023 08 18 18 00 139  8.7  9.3 99.00 99.00 99.00 999 1005.6  19.5 999.0  19.5 99.0 99.00
2023 08 18 19 00 126 11.3 12.4 99.00 99.00 99.00 999 1004.2  19.4 999.0  19.4 99.0 99.00
2023 08 18 20 00 157 14.9 16.1 99.00 99.00 99.00 999 1004.2  19.9 999.0  19.9 99.0 99.00
2023 08 18 21 00 173 11.6 12.6 99.00 99.00 99.00 999 1003.8  19.3 999.0  19.3 99.0 99.00
2023 08 18 22 00 161  9.6 10.4 99.00 99.00 99.00 999 1003.2  20.1 999.0  20.0 99.0 99.00
2023 08 18 23 00 164  8.6  9.1 99.00 99.00 99.00 999 1003.6  19.3 999.0  19.3 99.0 99.00
2023 08 19 00 00 166  7.9  8.4 99.00 99.00 99.00 999 1003.5  19.0 999.0  19.0 99.0 99.00
2023 08 19 01 00 171  7.0  7.5 99.00 99.00 99.00 999 1003.6  19.0 999.0  19.0 99.0 99.00
2023 08 19 02 00 186  8.1  8.5 99.00 99.00 99.00 999 1004.0  19.0 999.0  19.0 99.0 99.00
2023 08 19 03 00 202  7.1  7.5 99.00 99.00 99.00 999 1004.5  18.8 999.0  18.8 99.0 99.00
2023 08 19 04 00 210  7.3  7.6 99.00 99.00 99.00 999 1004.9  18.2 999.0  18.2 99.0 99.00
2023 08 19 05 00 209  6.7  7.0 99.00 99.00 99.00 999 1005.0  17.5 999.0  17.5 99.0 99.00
2023 08 19 06 00 214  7.9  8.2 99.00 99.00 99.00 999 1005.2  16.8 999.0  16.8 99.0 99.00
2023 08 19 07 00 229  9.7 10.5 99.00 99.00 99.00 999 1005.6  16.5 999.0  16.5 99.0 99.00
2023 08 19 08 00 221  9.1  9.9 99.00 99.00 99.00 999 1005.9  16.5 999.0  16.2 99.0 99.00
2023 08 19 09 00 215 11.2 12.0 99.00 99.00 99.00 999 1006.2  16.5 999.0  15.5 99.0 99.00
2023 08 19 10 00 216  9.2 10.3 99.00 99.00 99.00 999 1007.2  16.4 999.0  15.2 99.0 99.00
2023 08 19 11 00 212  9.8 10.2 99.00 99.00 99.00 999 1008.3  16.7 999.0  15.1 99.0 99.00
2023 08 19 12 00 209  8.8  9.2 99.00 99.00 99.00 999 1009.0  17.0 999.0  14.5 99.0 99.00
2023 08 19 13 00 213  8.2  8.9 99.00 99.00 99.00 999 1009.5  16.3 999.0  14.7 99.0 99.00
2023 08 19 14 00 211  9.5 10.5 99.00 99.00 99.00 999 1010.0  16.3 999.0  14.5 99.0 99.00
2023 08 19 15 00 208  9.2  9.8 99.00 99.00 99.00 999 1010.3  16.7 999.0  14.8 99.0 99.00
2023 08 19 16 00 197  6.5  6.9 99.00 99.00 99.00 999 1010.3  16.8 999.0  14.8 99.0 99.00
2023 08 19 17 00 194  7.1  8.5 99.00 99.00 99.00 999 1010.1  17.8 999.0  15.5 99.0 99.00
2023 08 19 18 00 201  8.5  9.1 99.00 99.00 99.00 999 1010.2  17.4 999.0  15.3 99.0 99.00
2023 08 19 19 00 198  8.3  8.9 99.00 99.00 99.00 999 1010.6  18.6 999.0  16.1 99.0 99.00
2023 08 19 20 00 192  9.5 10.1 99.00 99.00 99.00 999 1010.5  18.9 999.0  15.8 99.0 99.00
2023 08 19 21 00 179  7.2  7.7 99.00 99.00 99.00 999 1010.7  18.8 999.0  16.9 99.0 99.00
2023 08 19 22 00 173  8.8  9.3 99.00 99.00 99.00 999 1010.7  18.2 999.0  16.3 99.0 99.00
2023 08 19 23 00 177  7.9  8.8 99.00 99.00 99.00 999 1010.7  18.1 999.0  16.7 99.0 99.00
2023 08 20 00 00 192  7.9  8.2 99.00 99.00 99.00 999 1011.0  17.3 999.0  16.2 99.0 99.00
2023 08 20 01 00 201  9.6  9.9 99.00 99.00 99.00 999 1011.3  17.3 999.0  16.1 99.0 99.00
2023 08 20 02 00 198  8.6  9.0 99.00 99.00 99.00 999 1011.4  17.2 999.0  16.3 99.0 99.00
2023 08 20 03 00 189  9.4  9.9 99.00 99.00 99.00 999 1011.5  17.3 999.0  16.8 99.0 99.00
2023 08 20 04 00 210  8.6  9.1 99.00 99.00 99.00 999 1011.7  16.8 999.0  15.9 99.0 99.00
2023 08 20 05 00 211  9.0  9.5 99.00 99.00 99.00 999 1011.7  16.0 999.0  15.6 99.0 99.00
2023 08 20 06 00 217  9.1  9.5 99.00 99.00 99.00 999 1011.4  15.5 999.0  15.2 99.0 99.00
2023 08 20 07 00 226  9.0  9.4 99.00 99.00 99.00 999 1011.6  15.5 999.0  15.0 99.0 99.00
2023 08 20 08 00 235  7.8  8.3 99.00 99.00 99.00 999 1012.3  14.8 999.0  14.6 99.0 99.00
2023 08 20 09 00 231  6.9  7.4 99.00 99.00 99.00 999 1012.4  14.7 999.0  14.4 99.0 99.00
2023 08 20 10 00 228  7.3  7.8 99.00 99.00 99.00 999 1012.5  14.6 999.0  14.5 99.0 99.00
2023 08 20 11 00 228  7.6  7.8 99.00 99.00 99.00 999 1013.0  15.1 999.0  14.8 99.0 99.00
2023 08 20 12 00 229  9.9 10.5 99.00 99.00 99.00 999 1013.4  15.4 999.0  14.7 99.0 99.00
2023 08 20 13 00 229  8.8  9.4 99.00 99.00 99.00 999 1013.7  15.4 999.0  14.6 99.0 99.00
2023 08 20 14 00 232  7.7  8.1 99.00 99.00 99.00 999 1014.1  14.9 999.0  14.5 99.0 99.00
2023 08 20 15 00 236  9.0  9.3 99.00 99.00 99.00 999 1014.3  15.2 999.0  14.5 99.0 99.00
2023 08 20 16 00 236  8.0  8.5 99.00 99.00 99.00 999 1014.5  15.0 999.0  14.4 99.0 99.00
2023 08 20 17 00 234  8.2  8.6 99.00 99.00 99.00 999 1014.6  15.5 999.0  14.4 99.0 99.00
2023 08 20 18 00 231  9.0  9.5 99.00 99.00 99.00 999 1014.6  15.8 999.0  14.8 99.0 99.00
2023 08 20 19 00 232  9.5  9.9 99.00 99.00 99.00 999 1014.5  16.2 999.0  14.9 99.0 99.00
2023 08 20 20 00 234  8.5  8.7 99.00 99.00 99.00 999 1014.6  16.6 999.0  15.0 99.0 99.00
2023 08 20 21 00 216  6.6  6.9 99.00 99.00 99.00 999 1014.5  16.9 999.0  14.8 99.0 99.00
2023 08 20 22 00 219  6.7  6.8 99.00 99.00 99.00 999 1014.8  16.8 999.0  15.0 99.0 99.00
2023 08 20 23 00 222  6.8  7.3 99.00 99.00 99.00 999 1015.0  17.2 999.0  15.0 99.0 99.00
2023 08 21 00 00 211  7.8  8.2 99.00 99.00 99.00 999 1014.8  17.1 999.0  15.4 99.0 99.00
2023 08 21 01 00 197  8.5  8.8 99.00 99.00 99.00 999 1014.8  18.1 999.0  16.6 99.0 99.00
2023 08 21 02 00 207  5.5  5.9 99.00 99.00 99.00 999 1015.6  16.9 999.0  15.7 99.0 99.00
2023 08 21 03 00 202  8.8  9.1 99.00 99.00 99.00 999 1015.2  18.1 999.0  17.1 99.0 99.00
2023 08 21 04 00 213  8.8  8.9 99.00 99.00 99.00 999 1014.5  18.2 999.0  16.3 99.0 99.00
2023 08 21 05 00 226  5.9  6.1 99.00 99.00 99.00 999 1014.7  16.9 999.0  15.7 99.0 99.00
2023 08 21 06 00 221  6.7  6.9 99.00 99.00 99.00 999 1014.2  17.2 999.0  16.2 99.0 99.00
2023 08 21 07 00 201  7.9  8.0 99.00 99.00 99.00 999 1013.8  17.0 999.0  16.9 99.0 99.00
2023 08 21 08 00 202  6.7  7.2 99.00 99.00 99.00 999 1013.6  16.5 999.0  16.5 99.0 99.00
2023 08 21 09 00 214  9.0  9.1 99.00 99.00 99.00 999 1013.4  16.7 999.0  16.7 99.0 99.00
2023 08 21 10 00 237  5.8  6.0 99.00 99.00 99.00 999 1013.9  15.6 999.0  15.6 99.0 99.00
2023 08 21 11 00 237  6.7  6.8 99.00 99.00 99.00 999 1014.0  16.4 999.0  16.4 99.0 99.00
2023 08 21 12 00 241  6.0  6.2 99.00 99.00 99.00 999 1013.8  15.9 999.0  15.9 99.0 99.00
2023 08 21 13 00 257  6.7  6.8 99.00 99.00 99.00 999 1014.1  15.6 999.0  15.6 99.0 99.00
2023 08 21 14 00 264  5.5  5.8 99.00 99.00 99.00 999 1014.1  15.9 999.0  15.7 99.0 99.00
2023 08 21 15 00 270  4.4  4.5 99.00 99.00 99.00 999 1014.2  16.8 999.0  16.2 99.0 99.00
2023 08 21 16 00 252  4.0  4.1 99.00 99.00 99.00 999 1013.7  16.3 999.0  15.9 99.0 99.00
2023 08 21 17 00 266  5.5  5.6 99.00 99.00 99.00 999 1013.7  16.6 999.0  15.4 99.0 99.00
2023 08 21 18 00 266  5.7  5.8 99.00 99.00 99.00 999 1013.7  20.3 999.0  16.7 99.0 99.00
2023 08 21 19 00 244  7.8  8.0 99.00 99.00 99.00 999 1013.4  18.0 999.0  16.0 99.0 99.00
2023 08 21 20 00 241  7.0  7.2 99.00 99.00 99.00 999 1013.1  20.4 999.0  16.9 99.0 99.00
2023 08 21 21 00 229  5.9  6.0 99.00 99.00 99.00 999 1013.2  18.3 999.0  16.5 99.0 99.00
2023 08 21 22 00 241  8.2  8.3 99.00 99.00 99.00 999 1013.3  18.2 999.0  16.6 99.0 99.00
2023 08 21 23 00 261  6.7  6.9 99.00 99.00 99.00 999 1013.8  17.3 999.0  16.3 99.0 99.00
2023 08 22 00 00 335  8.2  8.7 99.00 99.00 99.00 999 1014.5  19.0 999.0  16.3 99.0 99.00
2023 08 22 01 00 342  9.4  9.7 99.00 99.00 99.00 999 1014.8  19.0 999.0  13.9 99.0 99.00
2023 08 22 02 00 340  7.3  7.5 99.00 99.00 99.00 999 1015.3  17.4 999.0  14.3 99.0 99.00
2023 08 22 03 00 346  7.7  7.8 99.00 99.00 99.00 999 1015.6  16.6 999.0  14.1 99.0 99.00
2023 08 22 04 00 359  9.3  9.6 99.00 99.00 99.00 999 1015.4  16.5 999.0  13.7 99.0 99.00
2023 08 22 05 00   0  8.3  8.7 99.00 99.00 99.00 999 1015.5  16.5 999.0  12.9 99.0 99.00
2023 08 22 06 00 343  7.6  8.0 99.00 99.00 99.00 999 1015.7  16.1 999.0  11.9 99.0 99.00
2023 08 22 07 00 336  6.6  6.8 99.00 99.00 99.00 999 1015.7  15.6 999.0  11.8 99.0 99.00
2023 08 22 08 00 323  5.5  5.7 99.00 99.00 99.00 999 1015.9  14.8 999.0  12.7 99.0 99.00
2023 08 22 10 00 322  5.9  6.2 99.00 99.00 99.00 999 1016.2  14.4 999.0  12.5 99.0 99.00
2023 08 22 11 00 329  6.7  7.3 99.00 99.00 99.00 999 1016.6  14.7 999.0  12.0 99.0 99.00
2023 08 22 12 00 325  6.1  6.3 99.00 99.00 99.00 999 1016.7  14.2 999.0  12.1 99.0 99.00
2023 08 22 13 00 318  5.9  6.3 99.00 99.00 99.00 999 1016.8  14.4 999.0  12.3 99.0 99.00
2023 08 22 14 00 321  4.5  4.8 99.00 99.00 99.00 999 1017.2  14.9 999.0  12.3 99.0 99.00
2023 08 22 15 00 325  4.0  4.3 99.00 99.00 99.00 999 1016.9  17.0 999.0  10.5 99.0 99.00
2023 08 22 16 00 317  2.4  2.5 99.00 99.00 99.00 999 1016.5  17.2 999.0  10.8 99.0 99.00
2023 08 22 17 00 292  3.8  4.0 99.00 99.00 99.00 999 1016.1  17.5 999.0  11.9 99.0 99.00
2023 08 22 18 00 253  4.1  4.2 99.00 99.00 99.00 999 1015.8  18.0 999.0  11.4 99.0 99.00
2023 08 22 19 00 246  4.3  4.4 99.00 99.00 99.00 999 1015.5  19.0 999.0  10.4 99.0 99.00
2023 08 22 20 00 238  4.7  4.9 99.00 99.00 99.00 999 1015.5  19.0 999.0  10.9 99.0 99.00
2023 08 22 21 00 249  4.0  4.1 99.00 99.00 99.00 999 1015.5  19.6 999.0  11.1 99.0 99.00
2023 08 22 22 00 320  2.8  3.4 99.00 99.00 99.00 999 1015.9  19.2 999.0  11.3 99.0 99.00
2023 08 22 23 00 335  9.4  9.8 99.00 99.00 99.00 999 1016.3  18.2 999.0  10.1 99.0 99.00
2023 08 23 00 00 344  8.6  9.1 99.00 99.00 99.00 999 1017.2  16.5 999.0  11.6 99.0 99.00
2023 08 23 01 00 354  7.5  7.8 99.00 99.00 99.00 999 1017.7  16.5 999.0  10.0 99.0 99.00
2023 08 23 02 00 351  6.2  6.4 99.00 99.00 99.00 999 1018.1  16.5 999.0   8.6 99.0 99.00
2023 08 23 03 00 342  6.8  7.1 99.00 99.00 99.00 999 1018.1  16.6 999.0   8.3 99.0 99.00
2023 08 23 04 00 329  5.6  5.8 99.00 99.00 99.00 999 1018.3  15.8 999.0   9.1 99.0 99.00
2023 08 23 05 00 310  6.2  6.3 99.00 99.00 99.00 999 1018.3  14.8 999.0  10.9 99.0 99.00
2023 08 23 06 00 315  5.6  5.8 99.00 99.00 99.00 999 1018.2  14.4 999.0  10.8 99.0 99.00
2023 08 23 07 00 318  6.3  6.8 99.00 99.00 99.00 999 1018.4  14.2 999.0  10.4 99.0 99.00
2023 08 23 08 00 323  5.4  5.5 99.00 99.00 99.00 999 1018.3  13.9 999.0  10.4 99.0 99.00
2023 08 23 09 00 308  3.9  4.1 99.00 99.00 99.00 999 1018.6  13.5 999.0  11.0 99.0 99.00
2023 08 23 10 00 311  5.0  5.1 99.00 99.00 99.00 999 1019.0  13.7 999.0  10.6 99.0 99.00
2023 08 23 11 00 312  5.6  6.1 99.00 99.00 99.00 999 1019.4  13.8 999.0  10.3 99.0 99.00
2023 08 23 12 00 315  5.7  6.1 99.00 99.00 99.00 999 1019.6  13.5 999.0  10.3 99.0 99.00
2023 08 23 13 00 298  3.9  4.2 99.00 99.00 99.00 999 1019.6  13.7 999.0  10.5 99.0 99.00
2023 08 23 14 00 287  4.7  4.9 99.00 99.00 99.00 999 1019.6  13.8 999.0  11.5 99.0 99.00
2023 08 23 15 00 263  3.9  4.0 99.00 99.00 99.00 999 1019.5  13.9 999.0  12.0 99.0 99.00
2023 08 23 16 00 258  4.2  4.4 99.00 99.00 99.00 999 1019.0  14.8 999.0  11.0 99.0 99.00
2023 08 23 17 00 246  4.6  4.7 99.00 99.00 99.00 999 1018.4  15.3 999.0  10.5 99.0 99.00
2023 08 23 18 00 218  5.4  5.4 99.00 99.00 99.00 999 1018.0  15.5 999.0  11.5 99.0 99.00
2023 08 23 19 00 221  6.5  7.0 99.00 99.00 99.00 999 1017.6  15.4 999.0  12.2 99.0 99.00
2023 08 23 20 00 213  5.7  5.9 99.00 99.00 99.00 999 1017.0  16.0 999.0  11.7 99.0 99.00
2023 08 23 21 00 217  7.4  7.8 99.00 99.00 99.00 999 1016.8  16.3 999.0  11.0 99.0 99.00
2023 08 23 22 00 214  7.5  7.7 99.00 99.00 99.00 999 1016.6  15.9 999.0  12.4 99.0 99.00
2023 08 23 23 00 226  7.9  8.2 99.00 99.00 99.00 999 1016.6  15.9 999.0  12.6 99.0 99.00
2023 08 24 00 00 220  8.1  8.4 99.00 99.00 99.00 999 1016.7  15.8 999.0  13.2 99.0 99.00
2023 08 24 01 00 228  8.3  8.6 99.00 99.00 99.00 999 1016.8  15.7 999.0  13.8 99.0 99.00
2023 08 24 02 00 231  8.8  9.1 99.00 99.00 99.00 999 1016.7  15.5 999.0  14.1 99.0 99.00
2023 08 24 04 00 234  6.8  7.1 99.00 99.00 99.00 999 1017.0  14.6 999.0  14.6 99.0 99.00
2023 08 24 05 00 233  6.0  6.2 99.00 99.00 99.00 999 1017.1  14.9 999.0  14.8 99.0 99.00
2023 08 24 06 00 238  6.7  6.8 99.00 99.00 99.00 999 1017.1  14.8 999.0  14.8 99.0 99.00
2023 08 24 07 00 247  7.1  7.3 99.00 99.00 99.00 999 1017.0  14.8 999.0  14.8 99.0 99.00
2023 08 24 08 00 234  6.0  6.2 99.00 99.00 99.00 999 1017.0  14.6 999.0  14.6 99.0 99.00
2023 08 24 09 00 252  5.6  5.7 99.00 99.00 99.00 999 1017.1  15.0 999.0  15.0 99.0 99.00
2023 08 24 10 00 274  3.9  4.0 99.00 99.00 99.00 999 1017.6  14.9 999.0  14.5 99.0 99.00
2023 08 24 11 00 254  5.0  5.2 99.00 99.00 99.00 999 1018.0  14.6 999.0  14.4 99.0 99.00
2023 08 24 12 00 287  3.9  3.9 99.00 99.00 99.00 999 1018.2  15.5 999.0  13.7 99.0 99.00
2023 08 24 13 00 291  2.9  3.0 99.00 99.00 99.00 999 1018.5  16.5 999.0  12.9 99.0 99.00
2023 08 24 14 00 261  0.9  1.1 99.00 99.00 99.00 999 1019.0  15.5 999.0  13.7 99.0 99.00
2023 08 24 15 00 210  2.6  3.0 99.00 99.00 99.00 999 1019.1  16.1 999.0  13.4 99.0 99.00
2023 08 24 16 00 222  5.2  5.4 99.00 99.00 99.00 999 1019.1  15.1 999.0  14.6 99.0 99.00
2023 08 24 17 00 226  5.6  5.7 99.00 99.00 99.00 999 1019.0  15.7 999.0  14.1 99.0 99.00
2023 08 24 18 00 219  6.1  6.1 99.00 99.00 99.00 999 1018.8  16.6 999.0  13.2 99.0 99.00
2023 08 24 19 00 211  5.0  5.0 99.00 99.00 99.00 999 1018.5  19.1 999.0  11.4 99.0 99.00
2023 08 24 20 00 201  6.6  6.7 99.00 99.00 99.00 999 1018.4  18.0 999.0  14.2 99.0 99.00
2023 08 24 21 00 190  6.2  6.3 99.00 99.00 99.00 999 1018.4  18.8 999.0  16.1 99.0 99.00
2023 08 24 22 00 199  7.6  7.7 99.00 99.00 99.00 999 1018.5  17.7 999.0  17.3 99.0 99.00
2023 08 24 23 00 200  7.4  7.5 99.00 99.00 99.00 999 1018.7  17.3 999.0  17.2 99.0 99.00
2023 08 25 00 00 196  6.6  6.6 99.00 99.00 99.00 999 1019.0  17.5 999.0  17.5 99.0 99.00
2023 08 25 01 00 189  6.5  6.6 99.00 99.00 99.00 999 1019.1  17.2 999.0  17.2 99.0 99.00
2023 08 25 02 00 168  6.7  6.8 99.00 99.00 99.00 999 1018.9  16.9 999.0  16.9 99.0 99.00
2023 08 25 03 00 177  7.6  7.7 99.00 99.00 99.00 999 1018.7  16.8 999.0  16.7 99.0 99.00
2023 08 25 04 00 178  8.5  8.6 99.00 99.00 99.00 999 1018.6  16.9 999.0  16.6 99.0 99.00
2023 08 25 05 00 179  7.1  7.2 99.00 99.00 99.00 999 1018.6  16.8 999.0  16.7 99.0 99.00
2023 08 25 06 00 159  6.1  6.2 99.00 99.00 99.00 999 1018.1  16.6 999.0  16.6 99.0 99.00
2023 08 25 07 00 172  8.1  8.2 99.00 99.00 99.00 999 1017.8  16.4 999.0  16.4 99.0 99.00
2023 08 25 08 00 182  6.8  7.0 99.00 99.00 99.00 999 1018.1  16.4 999.0  16.4 99.0 99.00
2023 08 25 09 00 190  7.2  7.3 99.00 99.00 99.00 999 1018.5  16.1 999.0  15.8 99.0 99.00
2023 08 25 10 00 197  6.9  7.1 99.00 99.00 99.00 999 1018.5  16.1 999.0  14.7 99.0 99.00
2023 08 25 11 00 212  5.0  5.1 99.00 99.00 99.00 999 1018.9  15.2 999.0   8.9 99.0 99.00
2023 08 25 12 00 152  2.8  2.9 99.00 99.00 99.00 999 1018.6  15.5 999.0  11.6 99.0 99.00
2023 08 25 13 00 118  1.4  1.4 99.00 99.00 99.00 999 1018.6  15.4 999.0  14.0 99.0 99.00
2023 08 25 14 00 149  7.0  7.6 99.00 99.00 99.00 999 1018.1  15.7 999.0  13.2 99.0 99.00
2023 08 25 15 00 108 10.6 10.9 99.00 99.00 99.00 999 1016.8  16.2 999.0  13.2 99.0 99.00
2023 08 25 16 00 116 10.0 10.8 99.00 99.00 99.00 999 1016.5  16.3 999.0  14.5 99.0 99.00
2023 08 25 17 00 141 11.7 12.3 99.00 99.00 99.00 999 1016.3  17.0 999.0  16.4 99.0 99.00
2023 08 25 18 00 145 12.9 13.7 99.00 99.00 99.00 999 1015.8  17.0 999.0  15.7 99.0 99.00
2023 08 25 19 00 154 18.1 20.2 99.00 99.00 99.00 999 1015.2  16.9 999.0  12.9 99.0 99.00
2023 08 25 20 00 152 15.5 16.9 99.00 99.00 99.00 999 1015.0  16.2 999.0  13.5 99.0 99.00
2023 08 25 21 00 135 13.5 14.3 99.00 99.00 99.00 999 1014.9  15.7 999.0  15.6 99.0 99.00
2023 08 25 22 00 139 16.6 18.0 99.00 99.00 99.00 999 1014.0  16.1 999.0  15.6 99.0 99.00
2023 08 25 23 00 136 14.6 15.8 99.00 99.00 99.00 999 1014.0  16.4 999.0  15.7 99.0 99.00
2023 08 26 00 00 138 14.2 15.1 99.00 99.00 99.00 999 1013.7  17.0 999.0  16.5 99.0 99.00
2023 08 26 01 00 142 14.4 16.3 99.00 99.00 99.00 999 1013.4  16.7 999.0  16.4 99.0 99.00
2023 08 26 02 00 145 13.8 14.5 99.00 99.00 99.00 999 1012.9  16.5 999.0  16.5 99.0 99.00
2023 08 26 03 00 155 13.5 14.4 99.00 99.00 99.00 999 1012.1  16.4 999.0  16.4 99.0 99.00
2023 08 26 04 00 154 13.6 14.3 99.00 99.00 99.00 999 1011.7  16.2 999.0  16.2 99.0 99.00
2023 08 26 05 00 151 14.0 14.9 99.00 99.00 99.00 999 1010.9  16.0 999.0  16.0 99.0 99.00
2023 08 26 06 00 152 12.6 14.3 99.00 99.00 99.00 999 1010.4  16.4 999.0  16.4 99.0 99.00
2023 08 26 07 00 154 13.4 14.6 99.00 99.00 99.00 999 1009.5  16.1 999.0  16.1 99.0 99.00
2023 08 26 08 00 159 13.2 14.2 99.00 99.00 99.00 999 1008.8  16.2 999.0  16.2 99.0 99.00
2023 08 26 09 00 171 12.8 14.1 99.00 99.00 99.00 999 1008.5  16.1 999.0  16.1 99.0 99.00
2023 08 26 10 00 166 12.7 13.4 99.00 99.00 99.00 999 1008.4  16.0 999.0  16.0 99.0 99.00
2023 08 26 11 00 167 11.4 11.9 99.00 99.00 99.00 999 1008.7  16.0 999.0  16.0 99.0 99.00
2023 08 26 12 00 172  9.9 10.5 99.00 99.00 99.00 999 1008.6  15.8 999.0  15.8 99.0 99.00
2023 08 26 13 00 185  7.8  8.0 99.00 99.00 99.00 999 1008.6  15.7 999.0  15.7 99.0 99.00
2023 08 26 14 00 193  6.8  7.2 99.00 99.00 99.00 999 1008.6  15.2 999.0  15.2 99.0 99.00
2023 08 26 15 00 212  7.7  8.0 99.00 99.00 99.00 999 1008.9  15.1 999.0  15.1 99.0 99.00
2023 08 26 16 00 232  6.1  6.2 99.00 99.00 99.00 999 1008.5  15.5 999.0  15.5 99.0 99.00
2023 08 26 17 00 265  4.5  4.6 99.00 99.00 99.00 999 1008.4  14.8 999.0  14.8 99.0 99.00
2023 08 26 18 00 268  3.2  3.4 99.00 99.00 99.00 999 1008.6  16.0 999.0  16.0 99.0 99.00
2023 08 26 19 00 290  2.2  2.2 99.00 99.00 99.00 999 1008.6  16.9 999.0  16.9 99.0 99.00
2023 08 26 20 00 237  1.0  1.1 99.00 99.00 99.00 999 1008.3  16.3 999.0  16.3 99.0 99.00
2023 08 26 21 00 203  0.7  0.8 99.00 99.00 99.00 999 1008.4  16.5 999.0  16.5 99.0 99.00
2023 08 26 22 00 185  2.1  2.1 99.00 99.00 99.00 999 1009.0  18.9 999.0  17.4 99.0 99.00
2023 08 26 23 00 196  2.1  2.2 99.00 99.00 99.00 999 1009.4  18.0 999.0  18.0 99.0 99.00
2023 08 27 00 00 232  3.0  3.5 99.00 99.00 99.00 999 1009.5  16.3 999.0  16.3 99.0 99.00
2023 08 27 01 00 260  3.8  3.9 99.00 99.00 99.00 999 1010.3  14.4 999.0  14.4 99.0 99.00
2023 08 27 02 00 267  5.9  5.9 99.00 99.00 99.00 999 1010.3  15.5 999.0  15.5 99.0 99.00
2023 08 27 03 00 293  4.8  4.8 99.00 99.00 99.00 999 1010.4  16.1 999.0  16.1 99.0 99.00
2023 08 27 04 00 298  5.2  5.4 99.00 99.00 99.00 999 1010.4  17.1 999.0  17.1 99.0 99.00
2023 08 27 05 00 279  2.8  2.9 99.00 99.00 99.00 999 1010.4  15.8 999.0  15.8 99.0 99.00
2023 08 27 06 00 301  4.4  4.5 99.00 99.00 99.00 999 1010.2  16.3 999.0  16.3 99.0 99.00
2023 08 27 07 00 311  4.2  4.7 99.00 99.00 99.00 999 1010.3  15.4 999.0  15.4 99.0 99.00
2023 08 27 08 00   6  5.5  5.7 99.00 99.00 99.00 999 1010.5  14.7 999.0  14.7 99.0 99.00
2023 08 27 09 00   5  5.6  5.9 99.00 99.00 99.00 999 1011.2  14.4 999.0  14.4 99.0 99.00
2023 08 27 10 00   9  7.5  8.0 99.00 99.00 99.00 999 1011.4  14.9 999.0  14.9 99.0 99.00
2023 08 27 11 00   1  7.1  7.3 99.00 99.00 99.00 999 1011.9  14.8 999.0  14.4 99.0 99.00
2023 08 27 12 00   6  5.9  6.0 99.00 99.00 99.00 999 1012.6  14.9 999.0  14.3 99.0 99.00
2023 08 27 13 00  11  6.4  6.5 99.00 99.00 99.00 999 1013.0  15.4 999.0  14.5 99.0 99.00
2023 08 27 14 00   5  6.7  6.8 99.00 99.00 99.00 999 1013.2  15.0 999.0  14.3 99.0 99.00
2023 08 27 15 00   1  4.5  4.6 99.00 99.00 99.00 999 1013.5  14.8 999.0  14.3 99.0 99.00
2023 08 27 16 00 359  4.4  4.6 99.00 99.00 99.00 999 1013.5  16.4 999.0  14.3 99.0 99.00
2023 08 27 17 00  48  2.0  2.2 99.00 99.00 99.00 999 1013.5  16.9 999.0  14.6 99.0 99.00
2023 08 27 18 00  99  2.7  2.9 99.00 99.00 99.00 999 1013.5  18.0 999.0  14.4 99.0 99.00
2023 08 27 19 00 153  1.0  1.5 99.00 99.00 99.00 999 1013.7  19.4 999.0  14.9 99.0 99.00
2023 08 27 20 00 156  3.0  3.1 99.00 99.00 99.00 999 1013.7  18.6 999.0  15.0 99.0 99.00
2023 08 27 21 00 178  3.3  3.4 99.00 99.00 99.00 999 1013.6  19.5 999.0  16.0 99.0 99.00
2023 08 27 22 00 166  3.6  3.7 99.00 99.00 99.00 999 1013.8  18.2 999.0  15.5 99.0 99.00
2023 08 27 23 00 190  3.7  3.7 99.00 99.00 99.00 999 1014.2  17.4 999.0  16.5 99.0 99.00
2023 08 28 00 00 242  2.9  3.0 99.00 99.00 99.00 999 1014.9  15.3 999.0  15.3 99.0 99.00
2023 08 28 01 00 242  5.1  5.2 99.00 99.00 99.00 999 1015.4  15.2 999.0  15.2 99.0 99.00
2023 08 28 02 00 245  3.9  4.0 99.00 99.00 99.00 999 1015.7  15.3 999.0  15.1 99.0 99.00
2023 08 28 03 00 273  4.8  4.9 99.00 99.00 99.00 999 1015.9  15.8 999.0  15.3 99.0 99.00
2023 08 28 04 00 261  4.1  4.3 99.00 99.00 99.00 999 1016.1  15.7 999.0  15.4 99.0 99.00
2023 08 28 05 00 197  3.2  3.4 99.00 99.00 99.00 999 1016.3  14.8 999.0  14.8 99.0 99.00
2023 08 28 06 00 225  4.6  4.8 99.00 99.00 99.00 999 1016.4  15.1 999.0  15.1 99.0 99.00
2023 08 28 07 00 240  4.9  5.0 99.00 99.00 99.00 999 1016.5  15.1 999.0  15.1 99.0 99.00
2023 08 28 08 00 205  3.6  3.9 99.00 99.00 99.00 999 1016.7  14.3 999.0  14.3 99.0 99.00
2023 08 28 09 00 217  6.1  6.2 99.00 99.00 99.00 999 1016.8  14.6 999.0  14.6 99.0 99.00
2023 08 28 10 00 241  5.1  5.3 99.00 99.00 99.00 999 1017.4  15.3 999.0  15.2 99.0 99.00
2023 08 28 11 00 264  4.1  4.2 99.00 99.00 99.00 999 1018.0  15.3 999.0  15.3 99.0 99.00
2023 08 28 12 00 191  5.2  5.5 99.00 99.00 99.00 999 1018.4  16.0 999.0  14.6 99.0 99.00
2023 08 28 13 00 239  4.6  4.7 99.00 99.00 99.00 999 1018.8  15.2 999.0  14.9 99.0 99.00
2023 08 28 14 00 250  2.4  2.6 99.00 99.00 99.00 999 1019.1  15.0 999.0  15.0 99.0 99.00
2023 08 28 15 00 215  3.1  3.4 99.00 99.00 99.00 999 1019.3  15.4 999.0  14.5 99.0 99.00
2023 08 28 16 00 217  4.2  4.3 99.00 99.00 99.00 999 1019.2  15.9 999.0  15.9 99.0 99.00
2023 08 28 17 00 216  4.3  4.4 99.00 99.00 99.00 999 1019.0  16.8 999.0  16.2 99.0 99.00
2023 08 28 18 00 193  5.0  5.1 99.00 99.00 99.00 999 1019.0  18.1 999.0  16.7 99.0 99.00
2023 08 28 19 00 187  5.6  5.7 99.00 99.00 99.00 999 1019.0  18.7 999.0  17.5 99.0 99.00
2023 08 28 20 00 185  5.3  5.4 99.00 99.00 99.00 999 1018.8  19.2 999.0  16.4 99.0 99.00
2023 08 28 21 00 181  5.9  5.9 99.00 99.00 99.00 999 1018.9  18.2 999.0  16.3 99.0 99.00
2023 08 28 22 00 181  6.4  6.5 99.00 99.00 99.00 999 1019.1  17.6 999.0  16.4 99.0 99.00
2023 08 28 23 00 198  5.5  5.6 99.00 99.00 99.00 999 1019.2  17.1 999.0  16.8 99.0 99.00
2023 08 29 00 00 192  6.1  6.2 99.00 99.00 99.00 999 1019.2  16.9 999.0  16.6 99.0 99.00
2023 08 29 01 00 184  5.6  5.7 99.00 99.00 99.00 999 1019.4  16.8 999.0  16.8 99.0 99.00
2023 08 29 02 00 162  5.8  5.8 99.00 99.00 99.00 999 1019.2  16.7 999.0  16.7 99.0 99.00
2023 08 29 03 00 161  5.7  5.8 99.00 99.00 99.00 999 1018.9  16.6 999.0  16.6 99.0 99.00
2023 08 29 04 00 175  3.9  4.0 99.00 99.00 99.00 999 1019.2  16.6 999.0  16.6 99.0 99.00
2023 08 29 05 00 177  2.8  2.9 99.00 99.00 99.00 999 1019.2  16.4 999.0  16.4 99.0 99.00
2023 08 29 06 00 132  2.0  2.0 99.00 99.00 99.00 999 1018.9  16.2 999.0  16.2 99.0 99.00
2023 08 29 07 00 116  2.2  2.2 99.00 99.00 99.00 999 1018.5  15.9 999.0  15.9 99.0 99.00
2023 08 29 08 00 134  4.2  4.4 99.00 99.00 99.00 999 1018.3  16.5 999.0  16.4 99.0 99.00
2023 08 29 09 00 123  4.8  4.9 99.00 99.00 99.00 999 1017.9  16.6 999.0  16.5 99.0 99.00
2023 08 29 10 00 127  6.4  6.5 99.00 99.00 99.00 999 1017.7  16.3 999.0  16.3 99.0 99.00
2023 08 29 11 00 117  6.5  6.7 99.00 99.00 99.00 999 1017.5  15.9 999.0  15.9 99.0 99.00
2023 08 29 12 00 141  3.7  3.8 99.00 99.00 99.00 999 1017.7  15.6 999.0  15.6 99.0 99.00
2023 08 29 13 00 167  1.1  1.4 99.00 99.00 99.00 999 1017.8  15.8 999.0  15.8 99.0 99.00
2023 08 29 14 00 135  3.1  3.3 99.00 99.00 99.00 999 1018.1  16.9 999.0  16.7 99.0 99.00
2023 08 29 15 00 141  5.5  5.6 99.00 99.00 99.00 999 1018.1  16.7 999.0  16.7 99.0 99.00
2023 08 29 16 00 139  3.1  3.3 99.00 99.00 99.00 999 1017.6  16.6 999.0  16.6 99.0 99.00
2023 08 29 17 00 139  3.5  3.6 99.00 99.00 99.00 999 1017.0  17.3 999.0  17.3 99.0 99.00
2023 08 29 18 00  88  1.8  1.8 99.00 99.00 99.00 999 1016.8  16.4 999.0  16.4 99.0 99.00
2023 08 29 19 00  35  2.5  2.6 99.00 99.00 99.00 999 1016.2  15.6 999.0  15.6 99.0 99.00
2023 08 29 20 00  53  4.4  4.5 99.00 99.00 99.00 999 1015.6  15.4 999.0  15.4 99.0 99.00
2023 08 29 21 00  73  4.8  5.0 99.00 99.00 99.00 999 1015.0  15.9 999.0  15.9 99.0 99.00
2023 08 29 22 00  78  4.8  4.8 99.00 99.00 99.00 999 1014.4  15.4 999.0  15.4 99.0 99.00
2023 08 29 23 00  85  4.7  4.9 99.00 99.00 99.00 999 1013.9  16.0 999.0  16.0 99.0 99.00
2023 08 30 00 00 110  6.5  6.7 99.00 99.00 99.00 999 1014.0  16.8 999.0  16.8 99.0 99.00
2023 08 30 01 00 104  6.7  6.8 99.00 99.00 99.00 999 1013.8  16.4 999.0  16.4 99.0 99.00
2023 08 30 02 00  89  6.6  6.7 99.00 99.00 99.00 999 1013.2  16.0 999.0  16.0 99.0 99.00
2023 08 30 03 00  99  6.5  6.7 99.00 99.00 99.00 999 1012.8  16.0 999.0  16.0 99.0 99.00
2023 08 30 04 00 104  6.5  6.5 99.00 99.00 99.00 999 1012.0  16.2 999.0  16.2 99.0 99.00
2023 08 30 06 00 102  6.9  7.1 99.00 99.00 99.00 999 1010.0  16.6 999.0  16.6 99.0 99.00
2023 08 30 07 00 105  6.7  6.8 99.00 99.00 99.00 999 1009.2  16.4 999.0  16.4 99.0 99.00
2023 08 30 08 00  98  5.8  5.9 99.00 99.00 99.00 999 1007.6  16.7 999.0  16.7 99.0 99.00
2023 08 30 09 00  96  6.2  6.3 99.00 99.00 99.00 999 1007.2  16.9 999.0  16.9 99.0 99.00
2023 08 30 10 00 137  6.3  6.4 99.00 99.00 99.00 999 1007.2  17.3 999.0  17.3 99.0 99.00
2023 08 30 11 00 154  5.7  5.8 99.00 99.00 99.00 999 1006.8  18.0 999.0  18.0 99.0 99.00
2023 08 30 12 00 153  4.3  4.4 99.00 99.00 99.00 999 1006.5  19.1 999.0  19.1 99.0 99.00
2023 08 30 13 00 144  3.9  4.1 99.00 99.00 99.00 999 1005.3  17.8 999.0  17.8 99.0 99.00
2023 08 30 14 00 145  5.4  5.5 99.00 99.00 99.00 999 1005.1  17.6 999.0  17.6 99.0 99.00
2023 08 30 15 00 166  5.0  5.2 99.00 99.00 99.00 999 1004.3  17.4 999.0  17.4 99.0 99.00
2023 08 30 16 00 138  5.9  5.9 99.00 99.00 99.00 999 1002.7  17.6 999.0  17.6 99.0 99.00
2023 08 30 17 00 147  6.5  6.7 99.00 99.00 99.00 999 1001.8  17.3 999.0  17.3 99.0 99.00
2023 08 30 18 00 287  5.0  5.8 99.00 99.00 99.00 999 1001.8  16.5 999.0  16.5 99.0 99.00
2023 08 30 19 00 114  3.3  3.5 99.00 99.00 99.00 999 1000.8  16.9 999.0  16.9 99.0 99.00
2023 08 30 20 00 205  6.1  6.3 99.00 99.00 99.00 999 1000.4  16.1 999.0  16.1 99.0 99.00
2023 08 30 21 00 209  8.8  9.1 99.00 99.00 99.00 999 1000.1  16.1 999.0  16.1 99.0 99.00
2023 08 30 22 00 220  8.1  9.0 99.00 99.00 99.00 999 1000.4  16.0 999.0  16.0 99.0 99.00
2023 08 30 23 00 234  6.4  6.5 99.00 99.00 99.00 999 1000.5  15.4 999.0  15.4 99.0 99.00
2023 08 31 00 00 223  8.1  8.7 99.00 99.00 99.00 999 1000.9  15.3 999.0  15.3 99.0 99.00
2023 08 31 01 00 242  7.7  8.2 99.00 99.00 99.00 999 1001.8  15.6 999.0  15.6 99.0 99.00
2023 08 31 02 00 249  8.1  8.3 99.00 99.00 99.00 999 1002.0  15.5 999.0  15.5 99.0 99.00
2023 08 31 03 00 251  7.4  7.8 99.00 99.00 99.00 999 1002.2  15.6 999.0  15.6 99.0 99.00
2023 08 31 04 00 267  7.9  8.1 99.00 99.00 99.00 999 1002.3  15.5 999.0  15.5 99.0 99.00
2023 08 31 05 00 268  5.3  5.7 99.00 99.00 99.00 999 1002.8  15.0 999.0  15.0 99.0 99.00
2023 08 31 06 00 283  6.8  7.1 99.00 99.00 99.00 999 1003.4  15.3 999.0  15.3 99.0 99.00
2023 08 31 07 00 285  6.3  6.6 99.00 99.00 99.00 999 1003.9  16.1 999.0  16.1 99.0 99.00
2023 08 31 08 00 300  5.4  5.7 99.00 99.00 99.00 999 1004.4  14.7 999.0  14.7 99.0 99.00
2023 08 31 09 00 305  5.9  7.3 99.00 99.00 99.00 999 1005.3  15.8 999.0  14.9 99.0 99.00
2023 08 31 10 00 308  8.2  8.6 99.00 99.00 99.00 999 1005.9  14.7 999.0  14.0 99.0 99.00
2023 08 31 11 00 301  9.4  9.9 99.00 99.00 99.00 999 1007.1  14.6 999.0  13.8 99.0 99.00
2023 08 31 12 00 304  9.7 10.9 99.00 99.00 99.00 999 1007.9  14.6 999.0  12.8 99.0 99.00
2023 08 31 13 00 298  5.9  6.5 99.00 99.00 99.00 999 1009.1  14.3 999.0  12.0 99.0 99.00
2023 08 31 14 00 314  7.4  8.3 99.00 99.00 99.00 999 1009.9  14.4 999.0  10.3 99.0 99.00
2023 08 31 15 00 321  4.3  4.6 99.00 99.00 99.00 999 1010.8  14.3 999.0  10.0 99.0 99.00
2023 08 31 16 00 309  1.4  2.2 99.00 99.00 99.00 999 1011.1  14.6 999.0  10.2 99.0 99.00
2023 08 31 17 00 304  5.3  6.0 99.00 99.00 99.00 999 1011.1  15.7 999.0   9.2 99.0 99.00
2023 08 31 18 00 301  6.7  7.0 99.00 99.00 99.00 999 1011.6  15.8 999.0   9.9 99.0 99.00
2023 08 31 19 00 336  6.9  7.6 99.00 99.00 99.00 999 1011.9  15.9 999.0   9.4 99.0 99.00
2023 08 31 20 00 333  6.2  6.5 99.00 99.00 99.00 999 1012.3  16.0 999.0   9.1 99.0 99.00
2023 08 31 21 00 339  6.4  6.6 99.00 99.00 99.00 999 1013.0  17.5 999.0   7.2 99.0 99.00
2023 08 31 22 00 340  6.9  7.3 99.00 99.00 99.00 999 1013.9  16.6 999.0   8.6 99.0 99.00
2023 08 31 23 00 339  8.6  9.0 99.00 99.00 99.00 999 1014.6  16.5 999.0   8.3 99.0 99.00
